0 0.6208483611111112 0.8488745166666667 0.60186275 0.8584971055555556 0.6462516722222222 0.9631531111111111 0.6566003888888888 0.9699444055555555 0.6672844555555556 0.96277985 0.6679488166666667 0.9437549666666666 0.6460073 0.9001957111111111 0.6561076611111111 0.8907804944444444 0.6469536555555555 0.8730956222222221 0.6281158888888889 0.8491283055555556 0.6208483611111112 0.8488745166666667
0 0.7160151777777778 1 0.7162490499999999 0.9933026388888889 0.6939926166666667 0.9570486666666665 0.6883104999999999 0.9568502444444444 0.6645596166666667 0.9826683944444444 0.6700291444444444 1 0.7160151777777778 1
0 0.8494297833333333 1 0.8496612333333333 0.9933721166666667 0.8482647111111111 0.9892135777777779 0.7941344833333334 0.9070092222222222 0.7912663277777778 0.8992971777777777 0.7885999333333333 0.8992040666666666 0.7529954277777777 0.9424736833333334 0.7587826444444444 0.9632969611111111 0.7468285444444445 0.9791593944444444 0.7560582666666666 0.9946762611111112 0.7604566944444444 1 0.8494297833333333 1
0 0.6887958333333333 0.7900989333333333 0.6756564888888889 0.8119571833333332 0.6784176055555555 0.8261628277777777 0.6520316333333334 0.8588864944444444 0.6555681999999999 0.87420455 0.7055811777777777 0.8212288166666667 0.7057412055555555 0.8166461833333333 0.7018337111111111 0.8085300055555555 0.6981508444444444 0.7974012277777778 0.6924973555555556 0.7902281944444444 0.6887958333333333 0.7900989333333333
0 0.39046896666666664 0.29362575555555553 0.38080047777777776 0.2901566111111111 0.3723012111111111 0.2898598111111111 0.36594180555555555 0.30778667777777774 0.37122625 0.31968908888888886 0.3897737888888889 0.31353301666666666 0.39046896666666664 0.29362575555555553
0 0.43448324444444447 0.38522535555555554 0.4650955888888889 0.38522064999999994 0.4651168611111111 0.38461147777777777 0.43211636666666664 0.3197433111111111 0.4179916166666666 0.3192500611111111 0.41129998888888886 0.33385240555555556 0.41126226666666665 0.3349326611111111 0.4232678611111111 0.3566152444444444 0.43448324444444447 0.38522535555555554
0 0.4234089833333333 0.48440083333333334 0.4200203055555556 0.47497127777777776 0.41602560555555557 0.47483178333333337 0.40761547777777773 0.49361723888888887 0.42688120555555553 0.5244138222222222 0.4277443666666667 0.4996961333333333 0.4234089833333333 0.48440083333333334
0 0.5850443666666667 0.8044101888888889 0.6000807888888889 0.81687385 0.6056854833333334 0.8164963000000001 0.6061345222222222 0.8036375555555556 0.6002895444444444 0.7875773555555555 0.5912293888888889 0.770015011111111 0.5905489277777778 0.7699912499999999 0.5763446055555556 0.7737172666666666 0.5850443666666667 0.8044101888888889
0 0.574593561111111 0.7517289277777778 0.5748728833333333 0.7437301833333333 0.5682456166666666 0.724887838888889 0.5608397944444444 0.7133643666666667 0.5579799111111111 0.7132644944444444 0.5560643888888889 0.7472542944444445 0.5688123111111112 0.7552967388888889 0.574593561111111 0.7517289277777778
0 0.5248558833333333 0.6951527666666667 0.5327341333333333 0.6769279055555555 0.5330771333333334 0.6671056333333334 0.5177741888888889 0.6451531777777778 0.49705581666666665 0.6444296777777778 0.5017437333333333 0.6574446 0.5105570611111111 0.6848855111111111 0.5248558833333333 0.6951527666666667
0 0.5383767944444444 0.5862314777777777 0.5387931888888889 0.5743074388888889 0.5342965111111111 0.5631648388888889 0.5194252555555555 0.5692897944444444 0.51925435 0.5975022833333333 0.5205402722222222 0.6073151166666667 0.5351040833333334 0.6099943555555556 0.5407638444444445 0.6061743222222222 0.5411698277777778 0.5945485333333334 0.5383767944444444 0.5862314777777777
0 0.5560773555555556 0.6131371 0.551080738888889 0.6129626166666666 0.5449733111111111 0.6197895388888889 0.54936105 0.6340519888888889 0.5571948944444445 0.6429046277777778 0.5748190388888889 0.6512208777777778 0.5782956833333333 0.6457140888888889 0.5791717555555556 0.6206265277777777 0.5757626833333334 0.6138245277777779 0.5717064 0.6136828833333333 0.5660057166666667 0.6237799833333333 0.5560773555555556 0.6131371
0 0.6047300444444444 0.7445200555555556 0.6191275166666667 0.7499415166666666 0.6199444944444444 0.7265462333333333 0.6046800277777777 0.7260131833333334 0.6047300444444444 0.7445200555555556
0 0.7207613333333334 0.8640877555555556 0.7185119111111111 0.8578439444444445 0.7172538944444445 0.857800011111111 0.7001819277777778 0.8800818777777778 0.7088633166666667 0.8879823166666666 0.7203975055555555 0.8745065555555556 0.7207613333333334 0.8640877555555556
0 0.7388888888888889 0.8944444444444445 0.016666666666666666 0.027777777777777776