0 0.9548641555555556 0.3297092 0.9611045333333333 0.3190192333333333 0.9533906333333333 0.30872477777777774 0.9343570555555556 0.3090570111111111 0.8920058222222222 0.3332481722222222 0.8820749 0.3236544111111111 0.8648933444444444 0.33372142222222223 0.8419447666666667 0.3537877277777778 0.8420716833333333 0.3610585777777778 0.8526747166666666 0.3795145611111111 0.9548641555555556 0.3297092
0 0.9813089833333333 0.25822984444444447 0.9462695055555556 0.2823531611111111 0.9463687333333334 0.28803788333333336 0.9733945277777778 0.3104049944444444 0.9916479611111111 0.30357497222222224 0.9947294388888889 0.28968444444444447 0.9894850111111111 0.25808713333333333 0.9813089833333333 0.25822984444444447
0 0.9286265333333332 0.22419401111111112 0.9491183944444443 0.21732491666666667 0.9655847166666667 0.22843246111111112 0.9805972666666667 0.2184033 0.9923421222222222 0.20761726111111112 0.9898811611111111 0.12472657222222223 0.9743961111111111 0.12499686666666666 0.9703163611111112 0.12660911111111112 0.8910576222222223 0.18496739999999998 0.8835062555555555 0.18823524444444445 0.8835528166666666 0.19090286111111113 0.9286265333333332 0.22419401111111112
0 0.8163781777777778 0.3047568666666667 0.8504379333333333 0.32939405555555556 0.8655499055555556 0.32506064444444444 0.8100293 0.27788875 0.8054445666666666 0.2779687722222222 0.7975440166666666 0.2822956833333333 0.7866232333333334 0.2865559388888889 0.7797559111111111 0.2925770833333333 0.77982055 0.2962802944444444 0.8023365055555556 0.3082576611111111 0.8163781777777778 0.3047568666666667
0 0.2968310388888889 0.6385216666666667 0.3150661666666667 0.643934138888889 0.32667569444444444 0.6380340166666667 0.3195573555555556 0.6198340777777778 0.2996409944444444 0.6201817166666667 0.2966826166666667 0.6300185166666666 0.2968310388888889 0.6385216666666667
0 0.3865952555555556 0.5408742999999999 0.3235431 0.5772245111111112 0.3237897611111111 0.5913557111111112 0.33872230555555555 0.5972739444444445 0.33980305555555557 0.5972550777777778 0.36082759999999997 0.5841311555555555 0.3888115277777778 0.5714338055555556 0.3872047055555556 0.5408636611111111 0.3865952555555556 0.5408742999999999
0 0.4792611555555556 0.5851765166666667 0.49846101666666665 0.5925919611111111 0.5282071055555556 0.5717408666666667 0.5034781166666668 0.5721725111111111 0.4884306722222222 0.57730245 0.4791913944444445 0.5811799833333333 0.4792611555555556 0.5851765166666667
0 0.8105314000000001 0.3778952166666667 0.7976667777777777 0.3781197666666667 0.7819344944444444 0.3847972611111111 0.7648703888888889 0.39476414444444446 0.7648822722222223 0.3954449166666667 0.7693465777777777 0.4094347666666666 0.7995421277777778 0.3991405833333333 0.8112017611111111 0.38347247222222225 0.8105314000000001 0.3778952166666667
0 0.7210079388888889 0.4200781888888889 0.70988785 0.42807696111111115 0.7099377888888889 0.43093814444444445 0.7439812555555556 0.43107215555555556 0.7513455055555555 0.4179207944444444 0.7474800166666666 0.41233419444444447 0.7394776166666668 0.41247387777777783 0.7210079388888889 0.4200781888888889
0 0.6651454944444445 0.45822256111111115 0.6440240222222222 0.4746534388888889 0.6443858277777778 0.49538128333333337 0.6571375666666667 0.4900186388888889 0.6840796222222222 0.47978125 0.693584461111111 0.4649646722222222 0.6749722611111111 0.4580510333333333 0.6651454944444445 0.45822256111111115
0 0.5612833333333334 0.46244470000000004 0.5681782 0.4769750222222222 0.5963609666666666 0.47566916111111107 0.60609305 0.4738714333333333 0.6080064055555555 0.4591873666666667 0.6038954 0.45373528333333335 0.5922643 0.45393830555555553 0.5841048166666667 0.45716279444444446 0.5721753277777778 0.45737102222222226 0.5612833333333334 0.46244470000000004
0 0.61727165 0.44881902222222225 0.6312849166666668 0.4436908611111111 0.6397154333333332 0.4354044388888889 0.6470979111111111 0.41736920555555557 0.6414167166666667 0.41418553333333336 0.6163176833333334 0.41462363888888887 0.6097034222222223 0.41838403333333335 0.6097742611111111 0.4224421666666667 0.6201558722222222 0.4276066 0.6100471888888889 0.43807836111111115 0.6101344444444444 0.44307725555555555 0.61727165 0.44881902222222225
0 0.7199583444444444 0.36836337222222226 0.7202249111111111 0.38363481666666666 0.7387037999999999 0.3826162944444444 0.7433643277777777 0.36795481666666663 0.7199583444444444 0.36836337222222226
0 0.8459394722222222 0.2643180388888889 0.8690842777777777 0.28020046666666665 0.8765195388888889 0.27111749444444444 0.8624585944444445 0.26030438333333333 0.8520350333333334 0.26048632777777775 0.8459175 0.26305945000000003 0.8459394722222222 0.2643180388888889
0 0.8805555555555555 0.24166666666666667 0.027777777777777776 0.016666666666666666