0 0.32709418333333334 0.9641928555555555 0.3376736111111111 0.9577668611111111 0.38568793333333334 0.8547237611111111 0.3670497111111111 0.8444444444444444 0.3597777555555556 0.8444444444444444 0.34011501666666666 0.8677397333333333 0.33034939444444444 0.8850943611111111 0.34011501666666666 0.8948563388888888 0.31666666666666665 0.9376233166666667 0.31666666666666665 0.9566597944444445 0.32709418333333334 0.9641928555555555
0 0.2958603722222222 0.95 0.29017478888888887 0.95 0.26666666666666666 0.98545515 0.26666666666666666 0.9936324222222223 0.29835069444444445 0.9983246 0.3121853277777778 0.9950011722222223 0.31869574444444443 0.9766313166666666 0.2958603722222222 0.95
0 0.22683376666666666 0.9854386111111111 0.23659939444444444 0.9702533111111111 0.22520616666666665 0.95398335 0.23171658333333334 0.9333747277777777 0.19764385555555555 0.8888888888888888 0.19497583333333332 0.8888888888888888 0.1918402777777778 0.8964961388888889 0.13487413333333334 0.9767613 0.13333333333333333 0.9808685666666667 0.13333333333333333 0.9963559722222223 0.21625434444444444 0.9973699166666667 0.22683376666666666 0.9854386111111111
0 0.33553602222222223 0.8533620444444444 0.3103081611111111 0.8197374555555555 0.3135633666666667 0.8056368222222221 0.30119486666666667 0.7833333333333333 0.29749108888888887 0.7833333333333333 0.2915907111111111 0.7903046944444444 0.2875217 0.8012981611111111 0.2833333333333333 0.8092730277777777 0.2833333333333333 0.8138584555555555 0.33146701666666667 0.8685473444444445 0.33553602222222223 0.8533620444444444
0 0.6264503388888889 0.29444444444444445 0.6166666666666667 0.29757405000000003 0.6166666666666667 0.31749344444444444 0.6349880666666667 0.3242930666666667 0.6406846777777777 0.31258233333333335 0.6349547833333333 0.29444444444444445 0.6264503388888889 0.29444444444444445
0 0.5816894499999999 0.35938050555555556 0.5944444444444444 0.3381301166666667 0.5944444444444444 0.33704920555555556 0.5882665055555555 0.32222222222222224 0.57413315 0.32222222222222224 0.5388888888888889 0.3858991722222222 0.5388888888888889 0.38650871666666664 0.5694824222222222 0.38758177222222223 0.5816894499999999 0.35938050555555556
0 0.5808044611111112 0.4777777777777778 0.5770887611111112 0.4870833222222222 0.5722222222222222 0.5022180055555556 0.5722222222222222 0.526950761111111 0.592551 0.4968453 0.5848015999999999 0.4777777777777778 0.5808044611111112 0.4777777777777778
0 0.41414930555555557 0.7708861388888888 0.40008367222222224 0.7666666666666667 0.3994028 0.7666666666666667 0.38973524444444446 0.7839021166666668 0.38333333333333336 0.7997485444444444 0.38333333333333336 0.8126151277777778 0.3889214388888889 0.81318805 0.4043836777777778 0.8012567444444444 0.41414930555555557 0.7708861388888888
0 0.43461258333333336 0.7111111111111111 0.43175096111111105 0.7111111111111111 0.4239474833333333 0.7223691055555557 0.4166666666666667 0.7409686833333333 0.4166666666666667 0.7489723055555555 0.4223198777777778 0.7527397055555555 0.4353407111111111 0.7451470555555556 0.43461258333333336 0.7111111111111111
0 0.4979018666666667 0.6444444444444445 0.47717086666666664 0.6444444444444445 0.46111111111111114 0.6658494611111111 0.46111111111111114 0.6756777222222222 0.46834852222222223 0.6941664277777778 0.4829969611111111 0.68440445 0.4927625888888889 0.6572878333333333 0.4979018666666667 0.6444444444444445
0 0.45863715 0.5729083111111112 0.45863715 0.5848396166666666 0.45555555555555555 0.5930541333333333 0.45555555555555555 0.6046870055555555 0.46107855555555555 0.6087022333333333 0.47572699444444444 0.6065329 0.4773546 0.5967709222222223 0.4781684 0.5685696555555556 0.4635199611111111 0.5619294277777778 0.45863715 0.5729083111111112
0 0.4199490055555556 0.6485176111111112 0.43785265 0.6408215 0.4459906722222223 0.6322476499999999 0.4508734888888889 0.6181470222222222 0.44500803888888885 0.6111111111111112 0.4400083777777778 0.6111111111111112 0.4297146333333334 0.6214010111111111 0.4243698055555556 0.6111111111111112 0.42031105 0.6111111111111112 0.4166666666666667 0.6177899888888889 0.4166666666666667 0.6428928444444445 0.4199490055555556 0.6485176111111112
0 0.38749599444444444 0.7222222222222222 0.37222222222222223 0.7222222222222222 0.37222222222222223 0.7456317666666666 0.3868001277777777 0.7407160722222221 0.38749599444444444 0.7222222222222222
0 0.2691326277777778 0.85 0.26666666666666666 0.8561615055555556 0.26666666666666666 0.8665866555555556 0.27772352777777776 0.8804567444444444 0.28667535 0.8728640944444443 0.2703914111111111 0.85 0.2691326277777778 0.85
0 0.24722222222222223 0.8861111111111111 0.016666666666666666 0.027777777777777776