0 0.7940176999999999 0.818780861111111 0.7902874777777777 0.8247764166666667 0.8002149 0.8293253888888888 0.8034972055555555 0.8296320722222222 0.8173467722222223 0.8286636166666667 0.8208627777777778 0.8216552777777778 0.8209325777777778 0.8164072388888889 0.8059188111111111 0.7953375 0.7980592666666666 0.8016217999999999 0.7994758944444444 0.8093875 0.7940176999999999 0.818780861111111
0 0.7569090166666668 0.7932660722222222 0.7525772888888889 0.7781671777777777 0.7321930444444444 0.7833611055555555 0.7362707222222222 0.7953491555555555 0.749678311111111 0.7944116055555556 0.7569090166666668 0.7932660722222222
0 0.8240612722222223 0.8111771277777778 0.8312182777777778 0.8165553833333334 0.8343327055555556 0.8163376 0.8338995888888888 0.8050821555555555 0.8395516111111111 0.7984606666666666 0.7640376388888888 0.72853445 0.7611570888888889 0.7304657555555555 0.7617621388888889 0.7391183611111111 0.7735631333333334 0.7511349111111111 0.7873199333333334 0.7667216833333333 0.7861278777777778 0.7777829222222222 0.8124342888888888 0.7854466388888889 0.8237783 0.7977613 0.8240612722222223 0.8111771277777778
0 0.8157499722222222 0.874043161111111 0.8190668388888889 0.8786654333333332 0.8336376944444445 0.877646538888889 0.8345784166666668 0.8773243277777777 0.8314808499999999 0.8673822777777777 0.8155619666666667 0.8713545944444445 0.8157499722222222 0.874043161111111
0 0.8650299722222223 0.8434840444444444 0.8829117 0.8630627222222222 0.8841476333333332 0.8629762944444445 0.8649985611111111 0.8305421833333333 0.8355790000000001 0.83145245 0.8375428777777778 0.8470446222222222 0.8594698444444445 0.8482967722222222 0.8589688777777778 0.8380093222222222 0.8650299722222223 0.8434840444444444
0 0.8961855222222221 0.8580293555555555 0.8867690777777778 0.8701572500000001 0.8837357444444444 0.8798725944444445 0.8888248722222222 0.8839406444444445 0.8744104666666668 0.8933048944444445 0.8651692555555556 0.8891994944444446 0.8602981444444444 0.8820030555555556 0.8533065277777778 0.8944529555555556 0.8475539888888889 0.8902674166666666 0.8226273333333334 0.89275185 0.822710911111111 0.8939471055555556 0.8523097388888888 0.9041864722222223 0.8733653888888889 0.9027141166666667 0.8799905833333332 0.9012709888888889 0.8967856055555556 0.8853501722222222 0.9032748388888889 0.8688392277777778 0.8961855222222221 0.8580293555555555
0 0.8029149611111112 0.8497782444444444 0.8088175166666667 0.85710565 0.81005475 0.8570191333333332 0.8196926722222222 0.8414922222222223 0.8099369555555557 0.8362758555555555 0.8025832 0.8450338277777778 0.8029149611111112 0.8497782444444444
0 0.7576970833333334 0.725593661111111 0.7018911055555556 0.6677249555555556 0.695265761111111 0.6791661111111111 0.6885270888888889 0.6858635944444444 0.6857828777777778 0.6879123111111112 0.68606685 0.6919732722222223 0.6972289611111111 0.6978714611111111 0.70684925 0.6949048611111112 0.7355199777777778 0.7176411944444444 0.7451825833333334 0.7278965166666668 0.7556245222222222 0.7271663444444444 0.7576970833333334 0.725593661111111
0 0.7297202611111111 0.758751061111111 0.7298921 0.7612084555555556 0.7322881888888888 0.7622129111111112 0.7451315888888889 0.7613148111111111 0.7479593555555556 0.7578355722222222 0.7466574555555556 0.7485871944444445 0.7368319388888889 0.7486188666666667 0.7297202611111111 0.758751061111111
0 0.6565754555555555 0.6700683777777777 0.6372785777777777 0.6720731444444444 0.6398516333333333 0.6745147944444444 0.6293102833333334 0.6767380722222223 0.6294028444444445 0.6780617722222222 0.6371801222222222 0.6853266888888889 0.6387061333333334 0.6852199777777778 0.6395417111111111 0.6794519388888889 0.6494577277777778 0.6838378611111111 0.6609206888888889 0.6759907833333334 0.6565754555555555 0.6700683777777777
0 0.26060170555555556 0.2621308888888889 0.2844216666666667 0.28117159444444445 0.2920210777777778 0.28064019444444444 0.27902628333333335 0.2613445111111111 0.2629939055555556 0.2621754333333333 0.26059695 0.2620628611111111 0.26060170555555556 0.2621308888888889
0 0.31216953333333336 0.34591184444444445 0.29874276666666666 0.3297205888888889 0.29974877777777775 0.3441071722222222 0.30461075 0.3594978833333334 0.33025367222222224 0.40605650555555556 0.3396451888888889 0.4053997888888889 0.34203515 0.402437 0.32443905 0.37203933333333333 0.31216953333333336 0.34591184444444445
0 0.3449065777777778 0.43239879999999997 0.42294192222222227 0.5129483444444445 0.47535435 0.5457615666666666 0.4753083888888889 0.5451042611111111 0.3481145222222222 0.4218456666666667 0.3445723722222222 0.42761939444444447 0.3449065777777778 0.43239879999999997
0 0.38492825555555554 0.4472403611111111 0.38522907222222225 0.4515423055555555 0.4088193111111111 0.46739212222222226 0.42005662777777775 0.46660633333333335 0.4335964111111111 0.45679923888888885 0.43171486666666664 0.44648482777777776 0.4072881388888889 0.4345551222222222 0.38492825555555554 0.4472403611111111
0 0.46355198333333336 0.4592735888888889 0.42613495555555553 0.4790285722222222 0.42636672777777773 0.4823431111111111 0.45217863888888893 0.5012724722222223 0.4620771166666666 0.5026518277777777 0.4801361722222222 0.5013890166666667 0.4809865388888889 0.48736121111111114 0.47250146666666665 0.4766380777777778 0.46355198333333336 0.4592735888888889