0 0.7858296666666666 0.1549358611111111 0.7825679055555556 0.15541390555555554 0.7728921666666666 0.16047619999999999 0.7769310611111111 0.16626831666666667 0.7828733833333335 0.17536315 0.7818651222222223 0.18319234444444443 0.7900427888888889 0.1890567 0.8039332777777778 0.16723007222222222 0.8035889111111112 0.16199287777777777 0.7997109333333333 0.1551781611111111 0.7858296666666666 0.1549358611111111
0 0.7204895388888889 0.19269015555555555 0.7170448555555555 0.20487518333333332 0.7376729944444445 0.20899516666666665 0.7412085722222221 0.1936902611111111 0.7339278277777778 0.19292472222222223 0.7204895388888889 0.19269015555555555
0 0.7729670388888888 0.21860668333333336 0.760044838888889 0.2348920722222222 0.7488889111111111 0.2475097722222222 0.7487375333333333 0.25618218333333337 0.7517152166666666 0.2579600833333333 0.8234660444444444 0.18417760555555557 0.8174752277777778 0.17786099444444442 0.8173186833333334 0.16659830555555555 0.8141971277777779 0.16654382222222222 0.8073314055555555 0.17228927222222223 0.8077509555555555 0.18570152777777776 0.7970669833333334 0.1985930111111111 0.7711977166666666 0.20762299444444443 0.7729670388888888 0.21860668333333336
0 0.7988117555555555 0.10515485000000001 0.7957413388888889 0.10994437222222223 0.7956943055555555 0.11263909444444445 0.8117992666666666 0.11577283888888888 0.8143722555555556 0.1056823 0.8134159611111111 0.10540976666666667 0.7988117555555555 0.10515485000000001
0 0.8407868833333333 0.1436669277777778 0.8407487611111111 0.13336735555555557 0.8189173777777777 0.1357653611111111 0.8177722222222223 0.15143894444444445 0.8471991 0.15080826666666666 0.8646244611111111 0.11741641666666668 0.8633857 0.11739479444444445 0.8465531500000001 0.13788249444444445 0.8407868833333333 0.1436669277777778
0 0.8834186111111112 0.11056047777777778 0.8760741555555555 0.09441178333333333 0.8584689166666667 0.07939176666666667 0.8517772777777778 0.07829735555555556 0.8306734222222223 0.07792898333333334 0.80165105 0.0897034 0.801630138888889 0.09090139444444445 0.8266526611111111 0.0920778611111111 0.8321782611111112 0.08759699444444445 0.8398118722222222 0.09966391666666667 0.8442996777777777 0.09222240555555555 0.8533133666666667 0.08763898333333334 0.8681981 0.09623601111111112 0.86332885 0.10056483333333333 0.8668664888888888 0.1101081111111111 0.8769047555555556 0.12172656666666667 0.8834186111111112 0.11056047777777778
0 0.7897048277777778 0.12722149444444444 0.7841938444444444 0.13484776666666665 0.7841108444444445 0.13960305 0.7919128777777777 0.14796415555555556 0.8013822222222221 0.14224435555555556 0.7909448944444445 0.12724313888888888 0.7897048277777778 0.12722149444444444
0 0.67576475 0.29855183888888887 0.6756937 0.30262209444444443 0.6785413666666666 0.3045243833333333 0.6856213222222223 0.3108600111111111 0.6928363722222223 0.3219387388888889 0.7455372611111112 0.2612286833333333 0.7433852277777777 0.25976662222222224 0.7329193833333333 0.25958394444444444 0.7238067499999999 0.27033091666666664 0.6963652388888889 0.2945366 0.6866028722222222 0.29207754444444445 0.67576475 0.29855183888888887
0 0.7341254666666667 0.22954059444444444 0.7311194833333333 0.2262141166666667 0.7182466833333333 0.22598941666666666 0.7159064444444444 0.2271179 0.7158634500000001 0.22958091666666666 0.7234956611111111 0.23932702777777778 0.7333093722222223 0.23884442777777776 0.7341254666666667 0.22954059444444444
0 0.6198833111111112 0.3167365611111111 0.6305265722222222 0.3184051 0.6280848333333333 0.3209780722222222 0.6474601833333333 0.32197017222222224 0.6514895111111111 0.3158284666666667 0.6396315722222222 0.30859207222222224 0.6299586888888888 0.3134909444444445 0.6288223777777778 0.3077745388888889 0.6272928722222222 0.3077478388888889 0.6199064722222222 0.31540983333333333 0.6198833111111112 0.3167365611111111
0 0.29616970000000004 0.7298110055555556 0.2733789 0.750072261111111 0.2733777111111111 0.7501404444444445 0.2757654888888889 0.7499025777777777 0.29181938333333335 0.749893288888889 0.3037865111111111 0.7299439555555556 0.29616970000000004 0.7298110055555556
0 0.33137659444444445 0.6369734499999999 0.34735768888888885 0.6056965333333333 0.34481594444444447 0.602862888888889 0.33540292777777775 0.6026985833333333 0.3122318333333333 0.65053545 0.30818201111111115 0.6661595222222222 0.30793031666666665 0.6805790388888889 0.3204913 0.6637072666666667 0.33137659444444445 0.6369734499999999
0 0.4223698611111111 0.49110230555555556 0.3486571 0.5756255166666667 0.3485734888888889 0.5804158611111111 0.3524129555555555 0.5859962999999999 0.47298165555555555 0.4562498111111111 0.47299315555555554 0.45559099999999997 0.4223698611111111 0.49110230555555556
0 0.4359483666666667 0.5466168499999999 0.4219138777777778 0.5375318166666666 0.41065083333333335 0.5373352166666666 0.38792244444444446 0.5543979277777779 0.38784718333333335 0.5587097222222223 0.41084031666666665 0.5702073555555556 0.43460921666666663 0.5570156 0.4359483666666667 0.5466168499999999
0 0.4737618166666666 0.5247690722222222 0.4816740611111111 0.5136165555555555 0.4800907 0.49965248333333334 0.4619903 0.4993365388888889 0.45217758333333335 0.5012320499999999 0.4273917333333333 0.5214863555555556 0.42733374444444444 0.5248084833333333 0.4657333888888889 0.5425781388888888 0.4737618166666666 0.5247690722222222