0 0.7254673833333333 0.33210095 0.7309781722222223 0.33905210555555554 0.7709956722222222 0.31501623888888886 0.7792304833333332 0.3023299555555556 0.7723475333333334 0.30184865 0.7186779 0.3250603722222222 0.7108372166666667 0.32080098333333334 0.7072623499999999 0.3234855833333333 0.7069277388888889 0.32827076111111114 0.7074850555555555 0.3319853611111111 0.7254673833333333 0.33210095
0 0.7247240166666666 0.3096567333333333 0.7302776333333333 0.29704895555555555 0.7194820888888889 0.2982923333333333 0.7145959444444445 0.2866720222222222 0.7101590166666666 0.2863617611111111 0.7048266 0.2904162722222222 0.7031149277777777 0.3031542777777778 0.7030758722222222 0.30371281666666666 0.7136572222222223 0.3050217611111111 0.7227572166666666 0.3095192 0.7247240166666666 0.3096567333333333
0 0.7564401055555556 0.2980269277777778 0.764419838888889 0.3002977611111111 0.7706185222222222 0.2935137388888889 0.7710020111111111 0.2880296111111111 0.7647565333333333 0.27904135 0.7595094 0.2786744333333333 0.7569619611111111 0.28750105 0.7541848833333333 0.28959924444444446 0.7538048388888888 0.29503415 0.7564401055555556 0.2980269277777778
0 0.8267984833333333 0.26721275555555557 0.8746317388888889 0.23660247777777776 0.8632848055555555 0.23580902222222225 0.8439552444444445 0.2515697444444444 0.8334088555555557 0.2431246 0.8240416444444444 0.24630682777777776 0.8238802055555556 0.24861557222222222 0.8312017944444444 0.25324719444444443 0.8267984833333333 0.26721275555555557
0 0.9070350333333332 0.1840067277777778 0.9266752722222222 0.16653918333333334 0.9272127666666667 0.15674247777777778 0.9083644611111111 0.15542447222222222 0.9065824277777778 0.18090874444444446 0.9070350333333332 0.1840067277777778
0 0.7834366944444445 0.2636402277777778 0.77250195 0.2665794444444444 0.7721639944444445 0.2714124611111111 0.7765843000000001 0.2870975722222222 0.7837781611111112 0.2730416944444445 0.7944139611111112 0.26440783333333334 0.7834366944444445 0.2636402277777778
0 0.6890355555555555 0.30036779444444445 0.6969466555555556 0.2910069833333333 0.6960915555555556 0.2909471888888889 0.6841732888888888 0.29945686666666665 0.6806891444444444 0.29721494444444446 0.6746898222222223 0.3114415111111111 0.6739761555555556 0.32164743333333334 0.6959045333333334 0.30627207222222225 0.6890355555555555 0.30036779444444445
0 0.40779346666666666 0.6239826388888888 0.4080019111111111 0.6210017444444444 0.40815456666666666 0.6160982166666666 0.40203842777777776 0.6156705388888889 0.3969316444444444 0.6200296222222222 0.3961084888888889 0.6318012888888889 0.39700302777777774 0.6345422722222221 0.40779346666666666 0.6239826388888888
0 0.27124247777777777 0.7190678555555555 0.2662759 0.7363664555555556 0.26588836666666665 0.7419084444444445 0.2723151388888889 0.7489450500000001 0.28668378333333333 0.7469394833333334 0.27808225000000003 0.7342967055555556 0.2828979388888889 0.7219502888888889 0.2811886055555555 0.7221715777777777 0.27124247777777777 0.7190678555555555
0 0.3009253333333333 0.6977059666666666 0.29950136666666666 0.6980001944444444 0.2845528333333333 0.7139206555555556 0.2842971388888889 0.7175771888888889 0.2954081666666667 0.7176485888888889 0.31311034444444447 0.6985580277777778 0.3009253333333333 0.6977059666666666
0 0.39858983333333337 0.4469076333333334 0.40876556111111106 0.44073293333333335 0.4078275055555556 0.42822305000000005 0.3700250277777778 0.4473170722222222 0.3700158055555556 0.4474489722222222 0.37062598888888887 0.4579399055555555 0.37932113333333334 0.4567356777777778 0.3834948555555555 0.46186018333333334 0.39304995000000004 0.46132015555555556 0.3934549888888889 0.4522873 0.39858983333333337 0.4469076333333334