0 0.31579 0.712889211111111 0.3094529611111111 0.7066820222222222 0.31121767222222224 0.6887861166666667 0.3075816722222222 0.6878435722222223 0.30278773333333336 0.6876761611111112 0.29974416666666664 0.6909508333333333 0.30316064444444446 0.699193788888889 0.2744660722222222 0.7501431277777778 0.2742252777777778 0.7570386833333334 0.28770283888888887 0.7501750611111111 0.31579 0.712889211111111
0 0.2740901722222222 0.7078019888888889 0.28720939444444443 0.7035966666666666 0.28727820555555555 0.7016262666666666 0.2837566111111111 0.6921060111111111 0.28356088888888886 0.6814458055555556 0.28300132222222224 0.6814262666666667 0.2701541833333333 0.6817970777777778 0.26556449444444447 0.6866764666666667 0.2654092722222222 0.6911215222222222 0.27645518333333335 0.69719555 0.2740901722222222 0.7078019888888889
0 0.2696271444444444 0.7309897055555555 0.2641822833333333 0.7307995666666667 0.26180530555555553 0.733342111111111 0.2527607611111111 0.7349529555555555 0.2525771888888889 0.7402097055555557 0.26086338333333337 0.7473604944444444 0.26635755 0.7475523555555555 0.27375235000000003 0.74209675 0.2723280666666667 0.7339233666666666 0.2696271444444444 0.7309897055555555
0 0.2138250111111111 0.7957483555555556 0.20968107777777775 0.8047316166666666 0.21697756111111113 0.8161029888888889 0.19928268333333332 0.8336792166666668 0.19888571666666668 0.8450469277777779 0.23432824444444447 0.8006753555555556 0.21997891666666666 0.8035947444444445 0.2161379777777778 0.7958291277777778 0.2138250111111111 0.7957483555555556
0 0.12376620555555555 0.8894817555555556 0.14319102777777776 0.8717749611111111 0.14015732222222224 0.8710010111111111 0.11462638333333333 0.87010945 0.11396698333333334 0.8889922666666666 0.12376620555555555 0.8894817555555556
0 0.23492379444444442 0.7681750444444445 0.2446221 0.7584999944444445 0.2593529388888889 0.7528147777777778 0.24421580555555553 0.7467791444444444 0.2393739388888889 0.7466100666666667 0.23530782777777778 0.7571776777777777 0.23492379444444442 0.7681750444444445
0 0.2942143944444444 0.6540231222222223 0.27943866666666667 0.6585025 0.2813041111111111 0.6622019055555556 0.2715952555555556 0.6731653777777779 0.2715653388888889 0.6740220444444444 0.2817018055555556 0.6671327499999999 0.2868557333333333 0.6745812666666666 0.3044390055555556 0.6543801777777778 0.2942143944444444 0.6540231222222223
0 0.6250626833333334 0.42079327222222224 0.6299553 0.4211540111111111 0.6329416555555555 0.42125829444444446 0.64457135 0.41163075 0.641938888888889 0.4104546 0.6301456666666667 0.41004277222222224 0.6252766555555556 0.4146659388888889 0.6250626833333334 0.42079327222222224
0 0.7562099277777777 0.3037886166666667 0.7678843388888889 0.31366455555555556 0.7713808555555556 0.29958426111111114 0.7650545777777777 0.29245717777777774 0.7595024388888889 0.29226328888888886 0.7417794499999999 0.2953944611111111 0.7438265166666665 0.30561052777777775 0.7434277666666668 0.3072873666666667 0.7562099277777777 0.3037886166666667
0 0.7170055944444443 0.3348891111111111 0.7378419555555555 0.31927941111111113 0.7389323666666666 0.3082217944444444 0.7352691333333333 0.30809387222222223 0.7178733444444444 0.3212963777777778 0.7174318833333334 0.3226817833333333 0.7170055944444443 0.3348891111111111
0 0.4505942 0.40307026111111105 0.4577987277777778 0.39359570555555556 0.46368566111111115 0.38905131666666665 0.4727113666666667 0.38959268888888887 0.47424722222222226 0.38014638333333334 0.46958706111111115 0.37545987222222216 0.4716935833333333 0.36693823333333336 0.4613239 0.3652347944444444 0.4611917555555556 0.3652301777777778 0.43825089999999994 0.4008297055555556 0.4505942 0.40307026111111105