0 0.28052955555555553 0.6756654666666666 0.2747795388888889 0.6689108722222222 0.23562525 0.6943286833333333 0.22783820000000002 0.7072946333333333 0.23473375555555556 0.7075354333333334 0.28756061666666666 0.6824648111111111 0.2955451722222222 0.6864479666666666 0.2990241722222222 0.6836402388888889 0.2991915833333333 0.6788463 0.29850496666666665 0.6751534111111112 0.28052955555555553 0.6756654666666666
0 0.28205576111111114 0.6980700722222223 0.2769455333333333 0.7108639888888889 0.28769110555555555 0.7092446055555556 0.29297981666666667 0.7206873166666666 0.2974248777777778 0.7208425388888888 0.3026125388888889 0.7166043999999999 0.30387861666666666 0.7038144222222222 0.3038981611111111 0.7032548555555556 0.2932775722222222 0.7023159944444444 0.2840261666666667 0.6981388777777777 0.28205576111111114 0.6980700722222223
0 0.2507648722222222 0.7107996666666666 0.24271075000000003 0.7088087055555555 0.2367526 0.7158049277777778 0.2365607388888889 0.7212990944444444 0.24311609444444443 0.7300639166666667 0.24837283888888886 0.7302474888888889 0.2506106777777778 0.7213373444444444 0.2533128388888889 0.7191435111111111 0.25350297777777775 0.71369865 0.2507648722222222 0.7107996666666666
0 0.18152475 0.744050538888889 0.13478891666666665 0.7763115277777778 0.14615662777777777 0.7767084944444443 0.16492437777777777 0.7602827833333333 0.17575907222222223 0.7683547166666668 0.18500951666666665 0.7648475166666666 0.18509028888888887 0.7625345499999999 0.1776115111111111 0.7581612666666667 0.18152475 0.744050538888889
0 0.10424092777777777 0.8300060944444444 0.08522226111111111 0.8481484333333333 0.08502699444444445 0.8579579333333333 0.10390981666666667 0.8586173333333333 0.10480137222222222 0.8330863944444445 0.10424092777777777 0.8300060944444444
0 0.22498480555555556 0.7461075833333333 0.23581031111111111 0.7427885388888888 0.2359793888888889 0.7379466777777778 0.2310143722222222 0.722425388888889 0.22431543888888889 0.7367237666666666 0.21398743333333334 0.74572355 0.22498480555555556 0.7461075833333333
0 0.31804666666666664 0.7061078444444444 0.3104670666666667 0.7157390388888888 0.31132373333333335 0.7157689555555555 0.32293775555555554 0.7068485222222222 0.32649802777777776 0.7089674833333334 0.33199718888888885 0.6945402111111112 0.33235424444444445 0.6843155999999999 0.3109758111111111 0.7004468833333333 0.31804666666666664 0.7061078444444444
0 0.5878234333333333 0.37287492222222224 0.58771915 0.3758612833333333 0.5877377166666666 0.3807671444444445 0.59386505 0.3809811166666667 0.5988165944444445 0.3764464611111111 0.5992284277777777 0.3646532388888889 0.5982387722222222 0.3619451444444444 0.5878234333333333 0.37287492222222224
0 0.7209728111111111 0.2730820722222222 0.72533265 0.25562067777777775 0.7255265333333333 0.2500685388888889 0.7188581055555556 0.24326051111111113 0.7045682055555555 0.24576631666666668 0.7136057222222222 0.2581012 0.7092238555555556 0.2706081611111111 0.7109244277777778 0.27032735555555554 0.7209728111111111 0.2730820722222222
0 0.6920535611111112 0.29546686666666666 0.6934663888888889 0.2951231166666667 0.7078502 0.2786906611111111 0.7079781222222222 0.27502743333333335 0.6968713777777777 0.27534384444444443 0.6798462333333333 0.29504057777777776 0.6920535611111112 0.29546686666666666
0 0.6032012888888889 0.5495208611111111 0.59324725 0.5560469222222223 0.5946213222222222 0.56851645 0.6317344 0.5481147722222222 0.6317390166666667 0.5479826333333334 0.6307630777777777 0.5375193833333334 0.6221152555555556 0.5390263333333333 0.6177652333333333 0.5340506111111111 0.6082348055555555 0.5349237833333333 0.6081452555555555 0.5439652722222222 0.6032012888888889 0.5495208611111111