0 0.2573039277777778 0.6694693944444444 0.25778069444444446 0.6798418277777778 0.2654084944444445 0.680020661111111 0.26111012777777776 0.6888888888888889 0.26542505555555557 0.6888888888888889 0.2777777777777778 0.6825701 0.2777777777777778 0.6783174555555556 0.2713677166666667 0.6721519166666667 0.2730109388888889 0.6632101722222222 0.2573039277777778 0.6694693944444444
0 0.2942538333333333 0.6344100277777778 0.2913934111111111 0.6379867277777778 0.2957314833333333 0.65 0.2984946333333333 0.65 0.30545716666666667 0.6426364444444445 0.2942538333333333 0.6344100277777778
0 0.25 0.716431161111111 0.22887365 0.7122963999999999 0.23745495000000003 0.7181979611111111 0.2328279 0.7333333333333333 0.24000072222222224 0.7333333333333333 0.25 0.7282100833333333 0.25 0.716431161111111
0 0.14740688333333332 0.8222222222222222 0.16666666666666666 0.8134320777777778 0.16666666666666666 0.8042092222222221 0.1652094 0.8 0.16293168333333333 0.8 0.14630222777777777 0.8153926666666667 0.13676746666666667 0.8180751888888889 0.13911668333333332 0.8222222222222222 0.14740688333333332 0.8222222222222222
0 0.22777777777777777 0.7279508000000001 0.2104218611111111 0.7239809277777778 0.21185205555555556 0.7395395888888889 0.19886739444444446 0.7555555555555555 0.1992946111111111 0.7555555555555555 0.22777777777777777 0.7303872222222222 0.22777777777777777 0.7279508000000001
0 0.8722222222222222 0.26476954999999996 0.8794846055555556 0.27209110000000003 0.8888888888888888 0.2636845611111111 0.8888888888888888 0.24789545555555553 0.8722222222222222 0.26404710555555555 0.8722222222222222 0.26476954999999996
0 0.7111111111111111 0.08248552777777778 0.7084823388888889 0.08003238333333333 0.6903662833333333 0.08146306111111111 0.6994218055555556 0.08888888888888889 0.7031036055555556 0.08888888888888889 0.7111111111111111 0.08573602222222222 0.7111111111111111 0.08248552777777778
0 0.5602176777777778 0.14444444444444443 0.5669562333333333 0.14444444444444443 0.5722222222222222 0.1383745888888889 0.5722222222222222 0.12100240555555555 0.5697638222222222 0.12051703888888889 0.5602176777777778 0.14444444444444443
0 0.6499489777777777 0.28888888888888886 0.66163705 0.28888888888888886 0.6733866166666667 0.27889851111111114 0.6674273944444444 0.26834724444444447 0.6800609166666667 0.2647705444444445 0.7222222222222222 0.2218664277777778 0.7222222222222222 0.2189686611111111 0.7153395277777778 0.21845229444444444 0.6588461 0.2767524777777778 0.6499489777777777 0.28888888888888886
0 0.7835051444444444 0.16562032777777777 0.7798423777777777 0.16666666666666666 0.8222222222222222 0.16666666666666666 0.8222222222222222 0.1656797611111111 0.8165420833333333 0.15900342777777776 0.7993794944444444 0.16526265 0.7998562611111112 0.16025527222222222 0.7835051444444444 0.16562032777777777
0 0.5770913555555556 0.36600043888888883 0.5715554333333333 0.36491697222222225 0.5655325 0.37777777777777777 0.5833333333333334 0.37777777777777777 0.5833333333333334 0.36860211111111113 0.5770913555555556 0.36600043888888883
0 0.5149977 0.4054187166666667 0.5125907833333333 0.39837618888888887 0.53136475 0.39945966666666666 0.5333333333333333 0.38703615555555554 0.5333333333333333 0.37554590000000004 0.4772090944444445 0.4260046 0.48130085 0.4379227 0.5007969 0.4160728333333333 0.5149977 0.4054187166666667