0 0.3442160166666667 0.25991594444444444 0.3530213555555556 0.26217890555555556 0.34787304444444445 0.24607353333333334 0.3374926222222222 0.24582559444444443 0.33678213888888886 0.25342233888888893 0.32823535 0.24851582777777778 0.32793435555555556 0.25282024444444445 0.33337607222222226 0.2655836555555556 0.3376183555555556 0.26588030555555553 0.3442160166666667 0.25991594444444444
0 0.36442169444444444 0.28852201666666666 0.3712816333333333 0.29598125000000003 0.3802695166666667 0.28537905 0.3769010611111111 0.2822761 0.36461444444444446 0.2857656 0.36442169444444444 0.28852201666666666
0 0.28537168888888886 0.22435755555555556 0.28978494444444447 0.23468985555555555 0.3015351722222222 0.2355115111111111 0.3071335611111111 0.21472505 0.3006477777777778 0.22287377777777778 0.2858720388888889 0.21720220555555558 0.28537168888888886 0.22435755555555556
0 0.20803744444444444 0.11546447777777777 0.20373664444444445 0.11751868888888889 0.20315835 0.12578869444444443 0.21058358333333335 0.14561473333333333 0.21978397222222223 0.1462580888888889 0.22408459444444445 0.1450979888888889 0.22424348333333333 0.14282582222222223 0.21004832222222222 0.1251631388888889 0.20803744444444444 0.11546447777777777
0 0.2660431111111111 0.18220046111111113 0.28916325 0.21236989444444446 0.2915937388888889 0.21253985555555555 0.2967646277777778 0.19550313888888887 0.2811441 0.19584453333333332 0.2660729111111111 0.18177428333333334 0.2660431111111111 0.18220046111111113
0 0.7243629111111111 0.9055274999999999 0.7094132166666667 0.88777475 0.7086925333333334 0.8877243555555555 0.7008822166666667 0.8944583222222222 0.7086122666666667 0.9044261055555555 0.7243629111111111 0.9055274999999999
0 0.8959418722222223 0.7312865166666667 0.8985284833333333 0.73949445 0.9017710611111112 0.7397211944444444 0.9044016055555556 0.7372699444444444 0.9042381222222223 0.7190982222222222 0.8961987055555555 0.7276136833333333 0.8959418722222223 0.7312865166666667
0 0.8730364055555556 0.5984838277777779 0.8736920833333334 0.5960652722222222 0.8504888666666667 0.5848732944444445 0.8500188111111111 0.5915954333333333 0.8557065444444444 0.5972720055555556 0.8730364055555556 0.5984838277777779
0 0.7658405444444445 0.7344547444444445 0.7116231611111112 0.6740321166666667 0.7001369444444444 0.6643100777777777 0.6993216222222223 0.6759696777777778 0.7084680555555555 0.6883875166666666 0.7194093166666666 0.6831788277777778 0.7220960333333333 0.6960310722222223 0.7619546166666666 0.7410825166666667 0.7648453222222222 0.7412846555555556 0.7658405444444445 0.7344547444444445
0 0.8130382888888888 0.8220003166666667 0.8180002111111111 0.8228252222222222 0.8137888222222223 0.8061396888888889 0.8130005333333332 0.8024128555555555 0.8100442666666666 0.8446894611111111 0.8110287666666666 0.8447583055555556 0.8180850611111111 0.8395577222222221 0.8130382888888888 0.8220003166666667
0 0.6161114555555556 0.5916561277777778 0.6252647722222222 0.5922961888888889 0.6282955222222222 0.5862509 0.6297625166666667 0.5808040444444444 0.6173531777777778 0.5738986555555556 0.6161114555555556 0.5916561277777778
0 0.5632304722222222 0.4856766944444445 0.5836671333333333 0.5066494222222222 0.5933047 0.5215588222222223 0.6004979722222222 0.5196490333333333 0.5981075277777778 0.538301688888889 0.6103634555555555 0.5411320944444444 0.6218257222222222 0.5419336166666666 0.5754049666666667 0.48242627222222223 0.5632304722222222 0.4856766944444445