0 0.2775150111111111 0.6800261999999999 0.27884516666666664 0.6710325555555555 0.2633661666666667 0.6778361277777778 0.2642046388888889 0.6881856055555555 0.27183403333333334 0.6880981222222222 0.2678477777777778 0.6971109611111111 0.2721600777777778 0.6969603722222222 0.28428475555555555 0.6902143277777778 0.2841363388888889 0.6859642722222222 0.2775150111111111 0.6800261999999999
0 0.3038523111111111 0.6569410611111112 0.31055361666666664 0.649339 0.29907001111111114 0.641508588888889 0.29633615555555554 0.6451829333333333 0.30109084444444445 0.6570374944444445 0.3038523111111111 0.6569410611111112
0 0.2483023222222222 0.742265038888889 0.2581167111111111 0.7367959388888888 0.25770563333333335 0.725024188888889 0.23644785 0.7216292500000001 0.24522988333333334 0.7272277333333333 0.2411338722222222 0.7425153666666667 0.2483023222222222 0.742265038888889
0 0.1480894 0.8305580611111111 0.15058191666666668 0.8346205777777779 0.15886706666666667 0.8343312555555557 0.17780834444444443 0.8248743111111111 0.17748647222222222 0.8156570722222223 0.17588319444444445 0.8115012722222222 0.17360686666666666 0.8115807611111112 0.15752473888888888 0.8275444111111112 0.1480894 0.8305580611111111
0 0.20839655555555556 0.7658943444444445 0.23598400555555554 0.7397472944444445 0.23589897777777777 0.7373123555555556 0.21841508333333334 0.7339506166666666 0.2203874 0.7494498833333334 0.20796959444444446 0.7659092555555556 0.20839655555555556 0.7658943444444445
0 0.8798536666666666 0.23447700555555556 0.863760838888889 0.2512004722222222 0.8637860500000001 0.25192247777777776 0.8712995277777777 0.25898611666666665 0.8804047 0.2502564888888889 0.8798536666666666 0.23447700555555556
0 0.6886323111111111 0.0820511111111111 0.6965249055555556 0.07862071111111112 0.6964114611111111 0.07537219444444444 0.6936986777777778 0.07301228888888889 0.6756435888888889 0.07507433333333333 0.68495275 0.08217960555555556 0.6886323111111111 0.0820511111111111
0 0.5589514 0.1187127611111111 0.5564775611111111 0.11831348888888889 0.5477722833333334 0.14255947222222223 0.5545067333333333 0.1423243 0.5595576833333333 0.1360743611111111 0.5589514 0.1187127611111111
0 0.7053824777777777 0.21110856666666666 0.6509581111111111 0.2713448277777778 0.6424899611111111 0.28378435 0.6541709111111111 0.2833764388888889 0.6655646611111111 0.27298209444444443 0.659240838888889 0.26264522777777777 0.6717418388888889 0.25862980555555554 0.7123801277777777 0.21428041666666667 0.712279 0.21138441666666666 0.7053824777777777 0.21110856666666666
0 0.7875149555555555 0.15501836666666666 0.7878166777777779 0.14999740555555555 0.7716627611111111 0.15592983333333332 0.7680387388888889 0.15710336666666666 0.8103927666666667 0.15562433333333334 0.8103583277777777 0.1546380277777778 0.8044486444444445 0.14816399444444445 0.7875149555555555 0.15501836666666666
0 0.5790170722222222 0.3749439388888889 0.5786968499999999 0.36577386111111115 0.5723678777777778 0.36339161666666664 0.5667975166666667 0.3625020111111111 0.5612270833333334 0.37556518333333333 0.5790170722222222 0.3749439388888889
0 0.4791457722222222 0.4386131055555556 0.49786739999999996 0.41609615 0.5116877222222223 0.40495292222222223 0.5090364944444444 0.3979986833333333 0.5278368388888889 0.3984263 0.5293706444444445 0.38594165555555554 0.5289696444444444 0.3744584 0.4746405777777778 0.42684506666666666 0.4791457722222222 0.4386131055555556