0 0.11046127777777778 0.3289920722222222 0.11032291111111112 0.3250297888888889 0.013087361111111112 0.2724099222222222 0.012599655555555556 0.27242695 0.006885216666666667 0.3147094277777778 0.014571772222222222 0.32529831666666664 0.055982500000000004 0.35316695555555555 0.11046127777777778 0.3289920722222222
0 0.14471507777777778 0.35476895555555554 0.1445200111111111 0.3491829166666667 0.1320934 0.34052038333333334 0.12145572222222223 0.34089185555555557 0.11377358333333333 0.3446778944444444 0.1158686 0.35980496666666667 0.12753899444444444 0.3659118111111111 0.14471507777777778 0.35476895555555554
0 0.12956661666666666 0.3985355111111111 0.13342575 0.4088966111111111 0.14951381111111112 0.4137634611111111 0.1655493222222222 0.41320348888888886 0.17222266666666666 0.40102740555555555 0.21295245 0.3985843333333334 0.21273672222222223 0.3924067888888889 0.17251175 0.36690365 0.15768617222222223 0.3674213722222222 0.15378042777777778 0.3701852333333333 0.15160925 0.3908899333333333 0.12947275 0.3958475777777778 0.12956661666666666 0.3985355111111111
0 0.22456921666666668 0.4865356166666666 0.22592682777777778 0.45174730555555553 0.2257436888888889 0.4465029944444444 0.21974725555555558 0.43133173333333336 0.21217975 0.42182441666666665 0.19947465555555555 0.4309539333333333 0.20429543888888888 0.4818149388888889 0.21030518333333334 0.49246238333333336 0.22456921666666668 0.4865356166666666
0 0.2639529222222222 0.4263614333333333 0.25007229444444445 0.41422565555555557 0.24161707222222223 0.4145209166666667 0.23785066666666665 0.4206239666666667 0.2516716666666667 0.4385987444444444 0.2641688777777778 0.43254545555555557 0.2639529222222222 0.4263614333333333
0 0.28232379444444444 0.47487256666666666 0.2819739777777778 0.4648551166666667 0.2810998055555556 0.46317262777777773 0.24921153333333332 0.46428618888888884 0.24780569444444442 0.46463928888888884 0.24548304444444444 0.48100636111111117 0.2591547277777778 0.4946434388888889 0.28232379444444444 0.47487256666666666
0 0.3375895 0.4656026222222222 0.2961331 0.4404118888888889 0.28998834444444443 0.44062646666666666 0.28460814444444443 0.45397339999999997 0.3216883 0.47982180555555554 0.3376369722222222 0.46696196666666673 0.3375895 0.4656026222222222
0 0.4182529611111111 0.5550348888888889 0.4338108611111111 0.5447200222222223 0.45691984999999996 0.5398440277777777 0.4567992444444445 0.5363903222222223 0.45047328888888893 0.5245949999999999 0.39776866666666666 0.4980110555555556 0.39097592777777784 0.4982482611111111 0.39524749444444446 0.5178376833333334 0.39429444999999996 0.5319854666666667 0.4182529611111111 0.5550348888888889
0 0.3672750444444445 0.5046348555555555 0.3721644388888889 0.50057565 0.3720046444444444 0.49599978888888885 0.3654160888888889 0.4824640055555555 0.3439374388888889 0.4832140555555556 0.3664373444444444 0.5046641111111111 0.3672750444444445 0.5046348555555555
0 0.8318488888888889 0.7700472888888888 0.8199702944444444 0.7612145444444445 0.8176105888888888 0.7612969500000001 0.7878800833333333 0.7695009777777778 0.8143884555555556 0.782689788888889 0.8320230555555556 0.7750347166666667 0.8318488888888889 0.7700472888888888
0 0.49844344444444444 0.5900831611111111 0.5139233444444444 0.5803379 0.5136221333333333 0.5717122666666666 0.5076898333333333 0.5647884555555556 0.4978903888888889 0.5612220277777777 0.48731878333333334 0.5615912 0.4820524333333333 0.5765410444444444 0.4902258388888889 0.6033988888888889 0.49844344444444444 0.5900831611111111