0 0.11666666666666667 0.31550153888888893 0.11666666666666667 0.3115368444444444 0.021326755555555556 0.25555555555555554 0.02083875 0.25555555555555554 0.013652155555555556 0.29761284444444447 0.020964483333333336 0.3084635388888889 0.061377383333333334 0.3377604166666667 0.11666666666666667 0.31550153888888893
0 0.15 0.3424581611111111 0.15 0.3368687166666667 0.13788327777777779 0.3277777777777778 0.12723911666666668 0.3277777777777778 0.11942952777777778 0.33129340555555553 0.12099533888888889 0.3464843777777778 0.1324455 0.3529947944444444 0.15 0.3424581611111111
0 0.13333333333333333 0.38566938333333334 0.13682852222222222 0.39615885 0.15273692777777778 0.4015842 0.16878221666666665 0.4015842 0.17587643333333333 0.3896484333333333 0.21666666666666667 0.3886283 0.21666666666666667 0.3824469888888889 0.17735624444444445 0.35555555555555557 0.1625216277777778 0.35555555555555557 0.15852180555555556 0.3581814222222222 0.15562936666666666 0.3787977388888889 0.13333333333333333 0.3829798111111111 0.13333333333333333 0.38566938333333334
0 0.2252069 0.47693142222222223 0.22777777777777777 0.4422116833333333 0.22777777777777777 0.4369641777777778 0.22231446666666668 0.42159288333333333 0.21508337222222224 0.41182725555555555 0.2020674 0.42050781111111113 0.20511022222222222 0.47150607777777775 0.21074471666666666 0.48235677222222223 0.2252069 0.47693142222222223
0 0.26666666666666666 0.4181683666666667 0.2532180277777778 0.40555555555555556 0.24475765 0.40555555555555556 0.24078054444444444 0.41152343888888887 0.2539658166666667 0.42996961666666667 0.26666666666666666 0.4243561611111111 0.26666666666666666 0.4181683666666667
0 0.2833333333333333 0.46729108333333336 0.2833333333333333 0.4572675277777778 0.2825184111111111 0.45555555555555555 0.2506107 0.45555555555555555 0.24919339444444444 0.4558593777777778 0.24630095555555556 0.47213541666666664 0.25948838333333335 0.4862413222222222 0.2833333333333333 0.46729108333333336
0 0.3388888888888889 0.45995553333333333 0.29833688333333336 0.43333333333333335 0.2921883833333333 0.43333333333333335 0.28634566111111115 0.4464843722222222 0.32250113333333336 0.4736111111111111 0.3388888888888889 0.46131570555555557 0.3388888888888889 0.45995553333333333
0 0.4163820666666667 0.5521484333333333 0.4322904777777778 0.5423828111111111 0.45555555555555555 0.5383162777777778 0.45555555555555555 0.5348604722222222 0.4496451055555556 0.5228515611111111 0.39790035555555553 0.49444444444444446 0.39110347777777776 0.49444444444444446 0.39468878333333335 0.5141710055555555 0.3932425666666667 0.5282769111111111 0.4163820666666667 0.5521484333333333
0 0.3671941444444444 0.5 0.37222222222222223 0.4961139 0.37222222222222223 0.49153525 0.3661100722222222 0.4777777777777778 0.3446183277777778 0.4777777777777778 0.36635593333333333 0.5 0.3671941444444444 0.5
0 0.8222222222222222 0.7814641444444445 0.8106591222222223 0.7722222222222223 0.8082979777777778 0.7722222222222223 0.7782992666666666 0.7793836777777778 0.8043312055555556 0.7934895833333333 0.8222222222222222 0.786454611111111 0.8222222222222222 0.7814641444444445
0 0.4953005333333333 0.5899739611111111 0.5111111111111111 0.5807748777777778 0.5111111111111111 0.5721439888888888 0.5054240666666666 0.5650173611111111 0.4957550555555556 0.5611111111111111 0.4851770055555556 0.5611111111111111 0.4793921222222222 0.5758680555555555 0.4866232222222222 0.6029947888888889 0.4953005333333333 0.5899739611111111