0 0.6766563111111111 0.9962734444444444 0.7190320777777777 0.9912978111111111 0.7190576222222222 0.9908104722222223 0.6681427555555556 0.8926713888888889 0.6641834944444445 0.8924638944444444 0.6390615055555555 0.9465124611111111 0.6662031833333333 0.9884032611111111 0.6766563111111111 0.9962734444444444
0 0.6485578666666666 0.8888783333333333 0.6524774 0.8812634444444445 0.6530344722222222 0.8706338666666668 0.6445901333333334 0.8580579666666667 0.63900835 0.857765438888889 0.6275674222222223 0.874744438888889 0.6334696611111111 0.8865196333333333 0.6485578666666666 0.8888783333333333
0 0.6273606166666666 0.8297612222222223 0.6025633888888889 0.7890972833333333 0.5963905500000001 0.7887737777777777 0.5932370166666666 0.8294547222222223 0.5809463277777778 0.8359145444444445 0.5801065777777777 0.8519378444444445 0.5846919111111112 0.868108388888889 0.5949840777777777 0.8721477666666666 0.5976699666666667 0.8722885277777778 0.6030131888888889 0.8502419222222222 0.6237526333333333 0.8484324222222223 0.6265842333333334 0.8445755055555556 0.6273606166666666 0.8297612222222223
0 0.5024805944444444 0.7897822444444446 0.5130215333333333 0.7959769000000001 0.5637906611111111 0.8016845944444444 0.5731405222222222 0.7891407666666665 0.5637667222222222 0.7814084888888888 0.5487024222222222 0.7751481888888889 0.5434621111111111 0.7748735555555555 0.5086554055555556 0.7756238222222223 0.5024805944444444 0.7897822444444446
0 0.5813994388888889 0.7513866055555555 0.5695077611111111 0.7372962944444444 0.56332845 0.7369724500000001 0.5570579722222223 0.7493621111111111 0.5747888111111111 0.7634947111111111 0.5809566611111111 0.759835388888889 0.5813994388888889 0.7513866055555555
0 0.5309539277777778 0.7527730277777778 0.5313315055555556 0.7513735611111111 0.5330014277777778 0.7195095777777777 0.53133445 0.7186061777777777 0.5213246333333333 0.7180815833333333 0.5011524166666667 0.7409020777777777 0.5145488111111111 0.7548096777777779 0.5309539277777778 0.7527730277777778
0 0.5560210722222222 0.7048758055555555 0.5315576833333334 0.6629860777777778 0.5301993722222222 0.6629148944444444 0.51706315 0.6786367 0.5422604833333333 0.7161623222222223 0.5556992833333333 0.7110158833333333 0.5560210722222222 0.7048758055555555
0 0.4541316277777777 0.5653985833333333 0.4435468111111111 0.5807741 0.4661745888888889 0.6051312277777777 0.48033685 0.6044252388888889 0.4998487388888889 0.6090380388888889 0.5002044611111112 0.6022504777777777 0.4745443833333334 0.5490899277777778 0.4628612611111111 0.5425590777777778 0.45941018888888885 0.5423782166666666 0.4541316277777777 0.5653985833333333
0 0.49719339999999995 0.6278060444444444 0.4930494777777778 0.63262385 0.49300561111111113 0.6334609111111111 0.5140597166666667 0.65633175 0.5151845111111111 0.6348694555555555 0.5017657777777778 0.6280456722222222 0.49719339999999995 0.6278060444444444
0 0.2444094888888889 0.17551961666666666 0.2357854 0.16348867777777779 0.23080177222222223 0.16322749444444445 0.2228401 0.1807258111111111 0.23556426666666666 0.20746032222222222 0.24428591666666669 0.17787752222222225 0.2444094888888889 0.17551961666666666
0 0.3964462777777778 0.5079681166666667 0.42315738333333336 0.5166090055555556 0.43819686666666663 0.5116043722222222 0.4387504777777778 0.5010408166666667 0.43535561666666667 0.49118062222222225 0.4285363944444444 0.4851283888888889 0.41991733333333336 0.48467668333333336 0.40990339444444446 0.49998415555555553 0.3964462777777778 0.5079681166666667