0 0.5005314444444444 0.4735126333333334 0.473488 0.49316539444444446 0.43829295555555553 0.4936117666666666 0.4386314055555556 0.49845188888888886 0.4911364888888889 0.5507418944444444 0.4980402222222222 0.5502591333333333 0.5261457777777777 0.5258078888888889 0.5186234888888889 0.5200572166666666 0.5229333944444444 0.5078701833333333 0.5005314444444444 0.4735126333333334
0 0.5039912944444445 0.5570781611111111 0.5043157 0.5617174055555556 0.5176450833333333 0.5767338388888889 0.5221880555555555 0.576416161111111 0.5324574888888889 0.5659529611111112 0.5311511222222223 0.5472710333333334 0.5299747611111111 0.5382118944444444 0.5039912944444445 0.5570781611111111
0 0.5709566222222222 0.5590211777777778 0.5711547 0.5618538388888888 0.5724961444444444 0.5617600333333334 0.624913438888889 0.5344045666666667 0.5954662277777778 0.5587659944444444 0.6313374444444444 0.5320857 0.6316376722222222 0.5236512722222222 0.5743972111111111 0.5552980666666667 0.5709566222222222 0.5590211777777778
0 0.5578901888888889 0.4903828 0.5658926111111111 0.48457468333333337 0.5708268444444444 0.4775230944444444 0.5707822777777778 0.47688581111111106 0.5558619333333333 0.4811361388888889 0.5392275277777778 0.49168782222222224 0.5578901888888889 0.4903828
0 0.4493303611111111 0.38102248888888884 0.38325399444444447 0.41837706111111117 0.37527535 0.42518477222222223 0.3957091333333333 0.42375590555555553 0.45548555555555553 0.38728454444444443 0.4507457444444445 0.38092351666666663 0.4493303611111111 0.38102248888888884
0 0.39649355 0.44952122777777775 0.4358790611111111 0.42473192777777774 0.4265296333333333 0.4183077333333334 0.39028894444444445 0.44425964444444443 0.39045673333333336 0.44665916111111115 0.39649355 0.44952122777777775
0 0.3464919444444444 0.3547989222222222 0.3505019888888889 0.3545185111111111 0.3712739 0.3501336 0.38195205 0.3348303222222222 0.3613593 0.3279904111111111 0.3471116166666667 0.3380678833333333 0.3631359611111111 0.3457614277777778 0.3464919444444444 0.3547989222222222
0 0.2663422611111111 0.29956102777777777 0.26339121666666665 0.2802695777777778 0.2592573 0.2975190888888889 0.26675119444444445 0.30468372222222223 0.30426767222222223 0.30206031666666666 0.2881533722222222 0.2780038444444444 0.28442303333333335 0.28320592222222224 0.2773676888888889 0.2739503833333333 0.27303045 0.2832012888888889 0.28494289444444443 0.2931855666666667 0.2663422611111111 0.29956102777777777
0 0.05155198333333333 0.1396979777777778 0.05167521111111111 0.14146023333333332 0.06955333888888889 0.16109134444444442 0.08724794999999999 0.17243865 0.10736800555555555 0.17103171666666667 0.11572832222222222 0.1672107388888889 0.07017296111111111 0.1419508388888889 0.05155198333333333 0.1396979777777778
0 0.04950379444444445 0.11040752777777778 0.050062911111111115 0.11840326111111112 0.05350118888888889 0.11910723333333334 0.06906822777777778 0.11801868333333333 0.09471961666666667 0.08968924444444444 0.0876358111111111 0.08257242777777778 0.05295980555555555 0.10088926111111111 0.04950379444444445 0.11040752777777778
0 0.23983857222222224 0.2618270555555556 0.23280530555555556 0.2628346111111111 0.2328553611111111 0.2635504444444444 0.2623440166666666 0.2715771722222222 0.28425328888888884 0.2700451277777778 0.28283283333333337 0.2466661277777778 0.26434261666666664 0.2545694 0.25306055 0.24768182777777778 0.23983857222222224 0.2618270555555556
0 0.13985225555555555 0.12420722222222222 0.14490701111111112 0.1238537611111111 0.1491341777777778 0.11054165555555555 0.1277532388888889 0.11443662222222223 0.12794118333333335 0.11712431111111112 0.13985225555555555 0.12420722222222222
0 0.12083324999999999 0.13110628333333332 0.11780620555555556 0.11705370555555555 0.10771417777777778 0.1320236611111111 0.12083324999999999 0.13110628333333332
0 0.2639536777777778 0.23042419444444442 0.2773577222222222 0.23711258333333332 0.2889576166666667 0.23630143888888888 0.2900927555555555 0.2321156888888889 0.2784842444444445 0.22055975555555554 0.26331350000000003 0.22126923333333334 0.2639536777777778 0.23042419444444442
0 0.7682438611111111 0.65988035 0.7371297611111112 0.6701590277777778 0.7574172277777779 0.6798286611111111 0.7594407222222223 0.68437835 0.7151249277777778 0.6847051555555556 0.7137898944444444 0.6902205055555555 0.7142308666666667 0.6965266833333333 0.7647831555555555 0.6916812611111112 0.7775573388888889 0.6977870444444445 0.7782198888888888 0.6977407166666667 0.7889598277777777 0.6838068333333334 0.7839169 0.6685932444444445 0.7682438611111111 0.65988035
0 0.7213306722222221 0.7017187944444444 0.7183363388888889 0.7019281833333333 0.7094532055555556 0.7078451388888889 0.7098083000000001 0.7129232055555556 0.7423973611111112 0.7280912777777778 0.7487193333333333 0.7276492 0.7568385777777777 0.7188479944444445 0.7213306722222221 0.7017187944444444
0 0.766621911111111 0.7289742222222222 0.767095788888889 0.7357509833333334 0.7889779333333333 0.7526796555555555 0.7960562166666667 0.7521846944444445 0.7992348666666668 0.7363731666666666 0.7876245444444444 0.7329203222222223 0.7808706555555555 0.7135616666666666 0.766621911111111 0.7289742222222222
0 0.09919600555555556 0.18390207777777776 0.0996328 0.19014849444444443 0.11268651111111111 0.20108932222222223 0.1424889166666667 0.2186979166666667 0.14493788888888887 0.21852667222222222 0.12200629444444444 0.19617289444444444 0.10877585555555556 0.1817450777777778 0.09919600555555556 0.18390207777777776