0 0.4736142277777778 0.49762218333333336 0.4913326611111111 0.5259706611111111 0.4893228611111111 0.5611111111111111 0.49417480555555554 0.5611111111111111 0.55 0.5123814944444445 0.55 0.5054609055555556 0.5275688611111111 0.4757181777777778 0.5213074666666667 0.482821 0.5094507666666667 0.47767146666666666 0.4736142277777778 0.49762218333333336
0 0.5572175388888888 0.5 0.5618681111111111 0.5 0.5777777777777777 0.4877505833333334 0.5777777777777777 0.4831965166666667 0.5680564222222222 0.4722222222222222 0.5493288777777778 0.4722222222222222 0.5402097444444445 0.47276378333333335 0.5572175388888888 0.5
0 0.5638270888888889 0.43333333333333335 0.5666666666666667 0.43333333333333335 0.5666666666666667 0.4319886166666667 0.5430342777777778 0.3777907833333333 0.5652822333333333 0.40886563333333337 0.5411691777777778 0.3712206722222222 0.5327762388888888 0.37033282222222225 0.56035305 0.42964141666666666 0.5638270888888889 0.43333333333333335
0 0.49444444444444446 0.44157996666666666 0.4892086944444444 0.4331918833333333 0.48251847777777773 0.42777777777777776 0.4818796388888889 0.42777777777777776 0.4850788222222222 0.4429582666666667 0.49444444444444446 0.46028820000000004 0.49444444444444446 0.44157996666666666
0 0.37777777777777777 0.5422467611111111 0.4104321 0.6107678888888889 0.4166666666666667 0.6192019777777777 0.4166666666666667 0.5987183 0.3844539444444445 0.5365433777777778 0.37777777777777777 0.5408279166666666 0.37777777777777777 0.5422467611111111
0 0.44242394444444444 0.5997330944444444 0.4204424277777778 0.5587143055555556 0.41338169999999996 0.5675928333333333 0.43674236666666666 0.6055555555555555 0.43914774444444443 0.6055555555555555 0.44242394444444444 0.5997330944444444
0 0.34444444444444444 0.6430054 0.34444444444444444 0.6389855666666667 0.3415191888888889 0.6179583777777777 0.3269980611111111 0.6062387388888889 0.31873833333333335 0.6263041944444445 0.3277973888888889 0.6412201388888888 0.33658999444444443 0.6257715055555555 0.34444444444444444 0.6430054
0 0.28375014444444446 0.7191066444444445 0.26429983333333334 0.7207047944444445 0.2812189611111111 0.7260319111111111 0.28888888888888886 0.7190560500000001 0.28888888888888886 0.6814479611111112 0.2637669444444445 0.6958449111111111 0.26869613333333336 0.6999290388888889 0.2589709833333333 0.7063215666666667 0.26789680555555556 0.7112935499999999 0.27868773333333335 0.7001065944444445 0.28375014444444446 0.7191066444444445
0 0.10929350555555555 0.9222222222222223 0.11106006111111112 0.9222222222222223 0.13189046666666665 0.9057570444444445 0.14444444444444443 0.8888970833333333 0.14444444444444443 0.8687278944444445 0.14121596111111112 0.8601214055555556 0.1128398111111111 0.9038037555555556 0.10929350555555555 0.9222222222222223
0 0.07993152777777777 0.9222222222222223 0.08794678888888889 0.9222222222222223 0.08888888888888889 0.9188414277777778 0.08888888888888889 0.9032363722222223 0.06241781111111111 0.8756713111111111 0.05482418888888889 0.8822414166666668 0.07067752777777778 0.9181106666666666 0.07993152777777777 0.9222222222222223
0 0.2442592888888889 0.7429135833333333 0.2447737722222222 0.75 0.24549135555555554 0.75 0.25555555555555554 0.7211430944444445 0.25555555555555554 0.6991803222222223 0.23213442222222222 0.6989664833333333 0.23872862777777779 0.717962961111111 0.23107083888888888 0.7287370944444445 0.2442592888888889 0.7429135833333333
0 0.1 0.8330564611111111 0.1 0.8279893666666667 0.08701519444444444 0.8228438888888888 0.08940921111111112 0.8444444444444444 0.09210346666666668 0.8444444444444444 0.1 0.8330564611111111
0 0.10555555555555556 0.8525103944444445 0.09132605 0.8545498055555555 0.10555555555555556 0.8656615000000001 0.10555555555555556 0.8525103944444445
0 0.2146151111111111 0.7166666666666667 0.2222222222222222 0.7037618333333333 0.2222222222222222 0.6921336111111112 0.21812585 0.6907092555555555 0.2057883 0.7014833888888888 0.20543779444444443 0.7166666666666667 0.2146151111111111 0.7166666666666667
0 0.6782026333333333 0.24356225555555555 0.6862858666666667 0.2753175666666667 0.6973471277777777 0.2557540388888889 0.7020268833333334 0.2540528444444444 0.6992615777777778 0.2982834833333333 0.7046703666666667 0.3 0.7109919444444445 0.3 0.7096846722222222 0.24923285 0.7166666666666667 0.23691570555555555 0.7166666666666667 0.23625153333333332 0.7035159055555555 0.2245657777777778 0.6879876 0.2285351777777778 0.6782026333333333 0.24356225555555555
0 0.7166666666666667 0.29327967222222223 0.7166666666666667 0.2962813166666667 0.7219495555555555 0.3055555555555556 0.7270400222222222 0.3055555555555556 0.7444444444444445 0.27410395000000004 0.7444444444444445 0.2677665388888889 0.7362310444444445 0.25905313333333335 0.7166666666666667 0.29327967222222223
0 0.7470150555555555 0.25 0.7538083666666667 0.25 0.7722222222222223 0.22935204444444446 0.7722222222222223 0.22225647777777777 0.7566709444444445 0.21798261111111114 0.7524166166666666 0.22932379444444445 0.732633988888889 0.23471083888888888 0.7470150555555555 0.25
0 0.15671340555555555 0.8777777777777778 0.1629750722222222 0.8777777777777778 0.17479982777777778 0.8655190555555555 0.19444444444444445 0.8370175611111111 0.19444444444444445 0.8345626111111112 0.17054549444444445 0.8558790222222222 0.15522991666666666 0.8680708 0.15671340555555555 0.8777777777777778