0 0.4999309055555555 0.5264926055555555 0.5266272444444444 0.5063708666666666 0.561809138888889 0.5053103222222223 0.5613862666666667 0.5004768444444444 0.5079765944444444 0.44911114444444444 0.5010823388888889 0.44971431666666667 0.4734077944444444 0.47465234444444443 0.4810293055555555 0.48027086111111117 0.47693274444444445 0.49253125555555555 0.4999309055555555 0.5264926055555555
0 0.4950131611111111 0.44300018888888887 0.4946078388888889 0.4383673166666666 0.48101841666666667 0.42358579444444444 0.4764816777777777 0.42398271111111113 0.4663964166666667 0.4346235444444444 0.46802862777777776 0.45327982777777776 0.4693629166666667 0.46231706111111115 0.4950131611111111 0.44300018888888887
0 0.42802412222222225 0.4422261777777778 0.42777663888888895 0.43939740555555556 0.4264370388888889 0.4395146 0.37450514444444444 0.4677807166666667 0.4035227055555555 0.44290906666666663 0.36812258888888894 0.4702113388888889 0.3679696055555555 0.4786497222222222 0.42464903888888883 0.44600876666666667 0.42802412222222225 0.4422261777777778
0 0.4422864722222222 0.5106260555555555 0.4343866333333333 0.51657295 0.4295762222222222 0.5237095833333333 0.4296319 0.5243459888888888 0.44447579444444446 0.5198359111111112 0.4609235166666667 0.5089955277777778 0.4422864722222222 0.5106260555555555
0 0.5527383666666666 0.6180750833333333 0.6181527388888889 0.5795730111111111 0.6260113555555555 0.5726270888888888 0.6056056277777777 0.5744123555555555 0.5464748222222222 0.6119214000000001 0.5513249222222222 0.6181987444444444 0.5527383666666666 0.6180750833333333
0 0.6043716611111112 0.54866465 0.5654247777777778 0.5741375444444444 0.5748849055555555 0.5803975888888888 0.6106671499999999 0.5538171444444444 0.6104575055555556 0.5514209222222222 0.6043716611111112 0.54866465
0 0.6560187833333333 0.6424998777777778 0.6520142444444444 0.6428502277777778 0.6313220222222222 0.6475969944444444 0.6209125833333333 0.6630843000000001 0.6416215666666667 0.6695637777777778 0.6556912 0.6592391833333333 0.6395350277777777 0.6518264722222222 0.6560187833333333 0.6424998777777778
0 0.7371202944444445 0.6963305555555556 0.7404075666666666 0.7155675666666668 0.7442398166666666 0.6982485333333334 0.7366220222222222 0.6912157777777778 0.6991570444444445 0.6944935388888889 0.7156887277777778 0.7182651111111111 0.719327711111111 0.7129987222222222 0.726543511111111 0.7221297166666667 0.730718638888889 0.7128045277777777 0.7186337611111111 0.7030296666666667 0.7371202944444445 0.6963305555555556
0 0.9546678555555556 0.8524206444444445 0.9545138888888889 0.850660811111111 0.9362958777777777 0.8313447111111111 0.9184059222222222 0.8203079444444444 0.8983134833333334 0.8220658055555555 0.8900211222222222 0.8260321111111111 0.9360103944444446 0.8504931111111111 0.9546678555555556 0.8524206444444445
0 0.9572269166666667 0.8816708944444445 0.9565283444444445 0.8736861333333334 0.9530783055555555 0.8730422722222222 0.9375326277777778 0.8744023444444445 0.9123795666666666 0.9031751444444445 0.9195865 0.91016725 0.9539375499999999 0.8912480222222222 0.9572269166666667 0.8816708944444445
0 0.7642784944444445 0.7335962277777779 0.7712931055555556 0.7324660777777778 0.7712305666666667 0.7317512277777779 0.7416063166666667 0.7242403666666667 0.7197271166666667 0.72615455 0.7215553777777777 0.7495051944444444 0.7399048444444445 0.7412804333333333 0.7513054 0.7479700555555556 0.7642784944444445 0.7335962277777779
0 0.8666513777777779 0.8694500944444444 0.8616035666666666 0.8698917222222222 0.8576093666666667 0.8832755722222222 0.8789190722222222 0.8790080555555556 0.8786842555555555 0.8763240499999999 0.8666513777777779 0.8694500944444444
0 0.8855470833333333 0.862220161111111 0.8888189166666667 0.8762177722222222 0.8986481444444444 0.8610739666666667 0.8855470833333333 0.862220161111111
0 0.7407151166666667 0.7654151666666666 0.7271963888888889 0.7589617333333334 0.7156124111111112 0.7599752 0.7145505 0.7641801277777778 0.7263589222222222 0.7755317 0.7415149722222222 0.7745575611111112 0.7407151166666667 0.7654151666666666
0 0.22900669444444444 0.3448255055555555 0.2599366666666667 0.3340053722222222 0.23948353333333333 0.3246912777777778 0.23738094444444444 0.32017759444444444 0.28168428333333334 0.31907742777777776 0.28292286111111115 0.3135396166666667 0.2823719 0.30724209444444445 0.23191187222222223 0.3129690388888889 0.21903307777777775 0.30708712222222223 0.21837143333333334 0.3071450111111111 0.20787630555555556 0.32126420555555557 0.21318398333333333 0.33638746666666663 0.22900669444444444 0.3448255055555555
0 0.2751825611111111 0.3021746777777778 0.27817278333333334 0.3019130666666667 0.28695129444444445 0.29584197777777776 0.28650763333333334 0.29077088333333334 0.2536588166666667 0.2761738777777778 0.24734552222222222 0.27672622222222226 0.23938111666666664 0.2856677888888889 0.2751825611111111 0.3021746777777778
0 0.22942254444444446 0.27571384444444447 0.22883046666666668 0.2689463888888889 0.20665621111111113 0.2524021888888889 0.19958764444444443 0.25302061111111107 0.19668542777777778 0.2688852 0.20835423888888888 0.27213488888888887 0.21544495555555557 0.2913727277777778 0.22942254444444446 0.27571384444444447
0 0.9062596166666667 0.8090547833333334 0.9057138777777779 0.8028169444444444 0.8924712055555555 0.7921056 0.8623660277777778 0.7750198111111112 0.8599204222222222 0.7752337722222222 0.88323865 0.7971839333333334 0.8967188722222222 0.8113786444444445 0.9062596166666667 0.8090547833333334