0 0.4774973388888889 0.3986173444444444 0.47721132777777775 0.40407485000000004 0.49104219444444447 0.4160828444444445 0.5062615555555556 0.4168804611111111 0.5096284666666667 0.41461967777777775 0.4964560833333333 0.39813245555555554 0.4855841777777778 0.39154481666666663 0.4774973388888889 0.3986173444444444
0 0.5526935666666667 0.4706947 0.5778079222222222 0.46975418888888887 0.5630844111111111 0.4607080055555556 0.5167575666666667 0.4452464277777778 0.5139740666666667 0.44510055 0.49119843333333335 0.4556402611111111 0.49076593888888886 0.4638927722222222 0.5009539166666667 0.48227556666666666 0.5072420722222222 0.48369 0.54453175 0.48564427222222223 0.5526935666666667 0.4706947
0 0.5493685722222222 0.42950704444444443 0.5328034722222222 0.4203643444444444 0.53183205 0.4233672444444444 0.5311290666666667 0.43678099444444446 0.550464038888889 0.4468658111111111 0.55123845 0.4470534944444444 0.5784707944444444 0.44848068333333335 0.5837345 0.4433438111111111 0.5708957444444445 0.4366530944444444 0.5493685722222222 0.42950704444444443
0 0.8761791777777778 0.7527246944444445 0.8956089166666668 0.7454683944444445 0.9098713333333333 0.739445761111111 0.9085507555555556 0.7280930555555555 0.8564286333333333 0.6704484611111111 0.8367067111111112 0.6641492444444445 0.81131715 0.6703409666666666 0.8084918277777777 0.6859897777777778 0.807214261111111 0.6886548 0.8065434944444445 0.7014538444444445 0.8161931444444444 0.7112170777777778 0.8228159777777778 0.7378923111111111 0.8217937888888888 0.7573967944444444 0.8333202888888889 0.7670276722222221 0.8595917555555556 0.7631388666666666 0.8761791777777778 0.7527246944444445
0 0.8291430833333333 0.6589703277777778 0.8345780333333332 0.6532372888888889 0.7869441055555555 0.6056069388888888 0.7778681555555556 0.6117011666666667 0.7773185944444445 0.6221873555555556 0.7837256333333333 0.6287574888888889 0.793173788888889 0.6397839 0.7953870611111111 0.65494455 0.8030918277777779 0.6660902222222223 0.8125723611111111 0.6665870777777778 0.8291430833333333 0.6589703277777778
0 0.7473297222222223 0.6892235277777778 0.7721912055555555 0.6739773444444445 0.7729381888888889 0.6597240666666667 0.7619397666666666 0.6591476611111111 0.75094135 0.6585712611111111 0.7442568722222223 0.6522030833333333 0.766843438888889 0.6421032944444445 0.7605914277777777 0.6274832222222222 0.7475932888888889 0.6268020222222223 0.709978211111111 0.6526633111111111 0.6975765111111111 0.6576319055555556 0.6967883222222222 0.6726714555555555 0.7030438555555556 0.6733624166666666 0.7223949611111111 0.6676064666666667 0.7207660666666666 0.6795568222222222 0.7312259000000001 0.6901397888888888 0.7421684666666667 0.6907132611111112 0.7473297222222223 0.6892235277777778
0 0.6389143888888889 0.7008681444444445 0.6399758888888889 0.680613488888889 0.6301739000000001 0.6763386277777778 0.6186474055555555 0.6667077555555555 0.6058458444444444 0.6622757 0.5969086777777778 0.6677563666666667 0.5965598388888889 0.6744125944444445 0.6064695333333334 0.6886365277777778 0.6005577611111111 0.7018669000000001 0.6093681444444444 0.70985095 0.6169064444444444 0.7175276333333334 0.6351422166666667 0.7184833333333334 0.6389143888888889 0.7008681444444445
0 0.7734424 0.8369949333333333 0.7898215555555556 0.8321229833333333 0.8025838 0.8373052222222223 0.8104084055555556 0.8219184055555555 0.7952756333333334 0.8045762055555555 0.7824347611111111 0.8008943166666667 0.7700040166666666 0.8085174055555555 0.7577528722222223 0.7935829277777778 0.7546576833333333 0.776119361111111 0.7452488444444444 0.7643427722222221 0.7388002611111111 0.7534735555555555 0.7228025555555555 0.7526351499999999 0.7089001777777777 0.7600188388888889 0.7087179555555555 0.7634958777777778 0.7182697055555555 0.7817346777777778 0.7071134222222223 0.7941121222222222 0.7069861 0.7965415777777778 0.7124055 0.7979764666666667 0.7688325222222223 0.8367533388888889 0.7734424 0.8369949333333333
0 0.917331938888889 0.9228238722222222 0.91743475 0.9208620222222222 0.8984147611111111 0.9079004888888889 0.8811643222222222 0.8927040055555556 0.8635600555555556 0.8842590722222222 0.844231288888889 0.8704581333333334 0.8450962166666667 0.8539543444444444 0.8336465166666667 0.8457132777777777 0.8304564666666667 0.8455460944444444 0.8206308055555556 0.8572590833333333 0.81966565 0.8756753999999999 0.82172335 0.8790575722222222 0.8994107277777779 0.9326075277777779 0.9041024777777779 0.9328534111111111 0.917331938888889 0.9228238722222222
0 0.9771468833333333 0.8643919277777777 0.9820560722222222 0.8554835055555555 0.9825582777777778 0.8459008111111112 0.9743419055555556 0.8401734722222222 0.9252468333333334 0.8779504611111111 0.9248254444444445 0.8859910055555557 0.9264760555555556 0.8895205222222222 0.9421998777777778 0.8903445722222222 0.9771468833333333 0.8643919277777777
0 0.9732444388888889 0.9921087833333333 0.9748913222222222 0.9921950944444444 0.9776130444444444 0.9402615166666667 0.977608288888889 0.93999235 0.9464384944444444 0.9225619222222222 0.9327591777777777 0.946909938888889 0.9322239666666666 0.9571223777777778 0.9375523888888889 0.9582033888888889 0.9732444388888889 0.9921087833333333
0 0.9662247166666666 0.8015079 0.9297919833333333 0.8284993277777777 0.9566698833333334 0.8299079388888889 0.9765709055555555 0.813333611111111 0.9662247166666666 0.8015079
0 0.2969352111111111 0.2261432 0.28182665 0.21331566666666665 0.28128284444444446 0.21499670555555556 0.2806519388888889 0.2270350111111111 0.2853965333333333 0.22728366111111112 0.2969352111111111 0.2261432
0 0.46217010555555554 0.5849266055555555 0.4615580944444444 0.5966044722222222 0.46224264444444446 0.5994807111111111 0.4699127444444444 0.6041236055555556 0.4833791777777778 0.6048293555555555 0.5034726444444445 0.5971280888888889 0.49814186111111114 0.5840607555555556 0.46217010555555554 0.5849266055555555