0 0.5225026611111111 0.6013826555555556 0.5227886722222223 0.59592515 0.5089578055555555 0.5839171555555556 0.4937384444444444 0.5831195388888889 0.49037153333333333 0.5853803222222222 0.5035439166666666 0.6018675444444445 0.5144158222222223 0.6084551833333334 0.5225026611111111 0.6013826555555556
0 0.4473064333333333 0.5293053 0.4221920777777778 0.5302458111111111 0.43691558888888893 0.5392919944444444 0.48324243333333333 0.5547535722222222 0.4860259333333333 0.55489945 0.5088015666666666 0.5443597388888889 0.5092340611111111 0.5361072277777778 0.49904608333333333 0.5177244333333333 0.49275792777777777 0.51631 0.45546825 0.5143557277777777 0.4473064333333333 0.5293053
0 0.4506314277777778 0.5704929555555556 0.4671965277777778 0.5796356555555555 0.46816795 0.5766327555555556 0.4688709333333333 0.5632190055555555 0.4495359611111111 0.5531341888888889 0.44876155 0.5529465055555556 0.42152920555555556 0.5515193166666666 0.4162655 0.5566561888888889 0.42910425555555554 0.5633469055555556 0.4506314277777778 0.5704929555555556
0 0.12382082222222222 0.24727530555555555 0.10439108333333333 0.25453160555555554 0.09012866666666666 0.2605542388888889 0.09144924444444445 0.27190694444444446 0.14357136666666667 0.3295515388888889 0.1632932888888889 0.33585075555555555 0.18868285 0.3296590333333333 0.19150817222222222 0.3140102222222222 0.1927857388888889 0.3113452 0.19345650555555555 0.2985461555555556 0.18380685555555556 0.2887829222222222 0.17718402222222224 0.26210768888888886 0.1782062111111111 0.24260320555555556 0.16667971111111113 0.23297232777777777 0.14040824444444444 0.23686113333333333 0.12382082222222222 0.24727530555555555
0 0.17085691666666666 0.3410296722222222 0.16542196666666667 0.3467627111111111 0.21305589444444442 0.3943930611111111 0.22213184444444448 0.3882988333333333 0.22268140555555554 0.37781264444444446 0.21627436666666666 0.37124251111111106 0.2068262111111111 0.3602161 0.20461293888888887 0.34505545 0.19690817222222223 0.3339097777777778 0.1874276388888889 0.3334129222222222 0.17085691666666666 0.3410296722222222
0 0.2526702777777778 0.3107764722222222 0.22780879444444446 0.32602265555555554 0.2270618111111111 0.34027593333333334 0.23806023333333334 0.3408523388888889 0.24905865 0.34142873888888886 0.2557431277777778 0.3477969166666667 0.2331565611111111 0.3578967055555556 0.2394085722222222 0.3725167777777778 0.2524067111111111 0.37319797777777775 0.29002178888888885 0.34733668888888886 0.30242348888888887 0.34236809444444444 0.3032116777777778 0.3273285444444444 0.29695614444444446 0.3266375833333333 0.2776050388888889 0.3323935333333333 0.2792339333333333 0.32044317777777775 0.26877409999999996 0.3098602111111111 0.2578315333333333 0.3092867388888889 0.2526702777777778 0.3107764722222222
0 0.36108561111111115 0.29913185555555555 0.3600241111111111 0.3193865111111111 0.3698261 0.32366137222222224 0.38135259444444447 0.33329224444444444 0.39415415555555555 0.3377243 0.4030913222222222 0.33224363333333334 0.40344016111111114 0.32558740555555554 0.39353046666666663 0.3113634722222222 0.39944223888888886 0.2981331 0.3906318555555555 0.29014905 0.3830935555555556 0.28247236666666664 0.36485778333333335 0.2815166666666667 0.36108561111111115 0.29913185555555555
0 0.22655760000000003 0.16300506666666667 0.21017844444444447 0.16787701666666668 0.19741620000000001 0.1626947777777778 0.18959159444444443 0.17808159444444446 0.20472436666666666 0.19542379444444444 0.2175652388888889 0.1991056833333333 0.22999598333333332 0.19148259444444446 0.2422471277777778 0.20641707222222222 0.24534231666666667 0.2238806388888889 0.25475115555555555 0.23565722777777778 0.2611997388888889 0.24652644444444446 0.27719744444444444 0.24736485 0.2910998222222222 0.23998116111111112 0.29128204444444444 0.23650412222222222 0.2817302944444444 0.2182653222222222 0.29288657777777777 0.20588787777777778 0.2930139 0.2034584222222222 0.2875945 0.2020235333333333 0.23116747777777777 0.1632466611111111 0.22655760000000003 0.16300506666666667
0 0.08266806111111111 0.07717612777777777 0.08256525 0.07913797777777777 0.1015852388888889 0.09209951111111112 0.11883567777777779 0.10729599444444446 0.13643994444444446 0.11574092777777777 0.1557687111111111 0.12954186666666667 0.15490378333333335 0.14604565555555557 0.16635348333333333 0.15428672222222223 0.16954353333333333 0.15445390555555555 0.17936919444444444 0.14274091666666666 0.18033435 0.1243246 0.17827664999999998 0.12094242777777778 0.10058927222222223 0.06739247222222222 0.09589752222222223 0.06714658888888889 0.08266806111111111 0.07717612777777777
0 0.022853116666666666 0.1356080722222222 0.017943927777777778 0.14451649444444442 0.017441722222222223 0.15409918888888888 0.025658094444444446 0.15982652777777778 0.07475316666666666 0.12204953888888889 0.07517455555555556 0.11400899444444446 0.07352394444444445 0.11047947777777778 0.05780012222222222 0.10965542777777779 0.022853116666666666 0.1356080722222222
0 0.02675556111111111 0.007891216666666668 0.025108677777777776 0.007804905555555556 0.022386955555555553 0.05973848333333333 0.02239171111111111 0.06000765 0.053561505555555555 0.07743807777777777 0.06724082222222222 0.05309006111111111 0.06777603333333333 0.04287762222222222 0.06244761111111111 0.04179661111111111 0.02675556111111111 0.007891216666666668
0 0.033775283333333336 0.1984921 0.07020801666666666 0.17150067222222223 0.04333011666666667 0.1700920611111111 0.023429094444444444 0.1866663888888889 0.033775283333333336 0.1984921
0 0.7030647888888889 0.7738568000000001 0.71817335 0.7866843333333334 0.7187171555555556 0.7850032944444444 0.7193480611111112 0.772964988888889 0.7146034666666666 0.7727163388888889 0.7030647888888889 0.7738568000000001
0 0.5378298944444444 0.41507339444444447 0.5384419055555556 0.40339552777777776 0.5377573555555556 0.40051928888888894 0.5300872555555556 0.39587639444444445 0.5166208222222223 0.3951706444444445 0.4965273555555555 0.4028719111111111 0.5018581388888889 0.4159392444444444 0.5378298944444444 0.41507339444444447