0 0.5295199388888888 0.5995659888888889 0.5294245611111111 0.5941018222222222 0.5147897444444445 0.5830878722222222 0.49955182222222216 0.58335385 0.4963508166666667 0.5858439888888889 0.5106412055555556 0.6013721888888889 0.5219461555555556 0.6071853944444444 0.5295199388888888 0.5995659888888889
0 0.4494790222222222 0.5329096277777777 0.42449145555555556 0.5355997388888889 0.4398101277777778 0.5435968277777778 0.48710266666666663 0.5557891444444445 0.48988956666666666 0.5557404944444444 0.5118745 0.5436377111111111 0.5117302777777778 0.5353751388888889 0.5002848 0.5177478 0.49391329444444443 0.51677545 0.45657813333333336 0.5174271388888889 0.4494790222222222 0.5329096277777777
0 0.4556690277777778 0.5737650166666667 0.4728315388888889 0.5817299222222222 0.4735911222222222 0.5786665722222222 0.4733567 0.5652364611111111 0.45336534444444443 0.55652495 0.4525797277777777 0.5563917444444445 0.42531416111111114 0.5568676666666666 0.4204216111111111 0.5623592 0.4336958111111111 0.5681380333333333 0.4556690277777778 0.5737650166666667
0 0.10710798888888888 0.27413186666666667 0.08823175555555555 0.28272583888888886 0.07442420000000001 0.28972869444444443 0.07653348888888889 0.3009616277777778 0.13254972222222222 0.35482995 0.15266301666666668 0.35973808888888886 0.17755882222222222 0.3517903611111111 0.17928565 0.3359825833333333 0.1803742 0.3332349333333333 0.1801505222222222 0.32042028333333333 0.16984332777777778 0.31135395555555556 0.1613758611111111 0.28520568888888886 0.16103499444444444 0.2656774111111111 0.14886475555555556 0.25687404444444445 0.12292855 0.26258597777777776 0.10710798888888888 0.27413186666666667
0 0.16056948333333335 0.3643767777777777 0.1555476888888889 0.37047497222222225 0.20638810555555556 0.4146665222222222 0.2150168388888889 0.4079540333333333 0.21483357777777776 0.39745505555555555 0.2079838388888889 0.39134786111111114 0.1977895388888889 0.38100737777777777 0.1945241 0.36603805 0.18606062222222222 0.3554569833333333 0.17656852222222222 0.35562266666666664 0.16056948333333335 0.3643767777777777
0 0.24007319444444444 0.3284902611111111 0.21633578888888888 0.34543355555555555 0.2165848833333333 0.35970421666666663 0.22759672222222221 0.3595120055555555 0.23860856111111112 0.3593197944444445 0.2457209722222222 0.36520617222222224 0.22389395555555552 0.37685692222222217 0.23115058333333333 0.39100525555555554 0.24416457222222224 0.3907781 0.27988403333333334 0.3623559055555556 0.29190892777777777 0.35653431666666663 0.29164609444444445 0.34147642222222224 0.2853576 0.3412235111111111 0.26645514444444446 0.3483153 0.26724645555555554 0.3362804277777778 0.2560738722222222 0.32645288888888885 0.2451179611111111 0.3266441222222222 0.24007319444444444 0.3284902611111111
0 0.34741214444444446 0.3093113388888889 0.3477661222222222 0.3295907 0.35784243888888884 0.33317139444444444 0.3700126722222222 0.3419747611111111 0.38309221111111114 0.3455030277777778 0.39162529444444444 0.33941228333333334 0.3915089722222222 0.3327479388888889 0.3806312 0.31924992222222226 0.3856056666666667 0.30563939444444443 0.37625980555555555 0.29828937222222224 0.36820437222222224 0.2911572333333333 0.34994635555555553 0.2914759277777778 0.34741214444444446 0.3093113388888889
0 0.20371611111111113 0.18290035000000002 0.18771670555555556 0.1889029777777778 0.17462405555555555 0.18462361666666666 0.1678918388888889 0.20051876666666668 0.18419748333333333 0.21676311666666667 0.1972639111111111 0.2195403 0.20913261111111112 0.21106865555555557 0.22239569444444443 0.22511215555555555 0.2267015388888889 0.24231727777777776 0.23690895 0.25340885 0.24410002777777776 0.2638017555555556 0.2601172388888889 0.2635221777777778 0.27347069444444444 0.2551866944444444 0.2734099277777778 0.2517054166666667 0.26260917222222224 0.2341773388888889 0.27287486666666666 0.22105182222222222 0.2728324111111111 0.21861940555555553 0.26732612222222224 0.21756605 0.20833161666666666 0.18281978333333335 0.20371611111111113 0.18290035000000002
0 0.054189961111111115 0.10731771111111112 0.05422424444444444 0.10928194999999999 0.07410205555555555 0.12088515 0.09237052777777778 0.13484128333333334 0.110521 0.14203763333333333 0.1307653888888889 0.15445664444444443 0.13105381666666668 0.17098056666666667 0.14305048888888888 0.17840286666666666 0.14624443333333334 0.17834711666666664 0.15522909999999998 0.1659772611111111 0.15490725 0.14753847222222222 0.15261863333333334 0.14430807777777777 0.07138503888888889 0.09630776666666667 0.06668756666666667 0.09638976111111111 0.054189961111111115 0.10731771111111112
0 0 0.19189923333333334 0.0030842666666666668 0.19374359444444444 0.04942455555555556 0.1526339277777778 0.04928403888888889 0.14458357222222223 0.047391238888888895 0.14117779444444445 0.03164823333333333 0.1414525888888889 0 0.1685771 0 0.19189923333333334
0 0 0.0977564 0.025172577777777778 0.10960939444444444 0.03712013888888889 0.08436646666666667 0.036941666666666664 0.07414156666666667 0.03155081666666667 0.07343488333333334 0 0.04739913333333333 0 0.0977564
0 0.013878855555555554 0.23174875 0.048340016666666666 0.20228165555555552 0.021429327777777778 0.20275138333333334 0.00273295 0.22067355555555557 0.013878855555555554 0.23174875
0 0.7216734222222223 0.7590246166666665 0.7376399777777778 0.7707669833333333 0.7380652 0.7690521000000001 0.7378548111111111 0.7569991166666666 0.7331044333333333 0.7570820333333333 0.7216734222222223 0.7590246166666665
0 0.5318135611111111 0.4126413944444445 0.5316094722222222 0.4009492777777777 0.530725961111111 0.39812780000000003 0.5227506666666666 0.39403125 0.5092678111111111 0.3942665944444444 0.48976050000000004 0.40335075 0.49598983333333335 0.4160143944444445 0.5318135611111111 0.4126413944444445