0 0.8922455611111111 0.92257575 0.9043696111111111 0.9307170055555556 0.9134579888888888 0.9310343777777778 0.9174836055555556 0.9223545333333334 0.9227108833333334 0.9147962666666667 0.8684216 0.8467702111111111 0.8674344333333333 0.8463676055555556 0.8603623111111112 0.8461206444444445 0.8598498611111112 0.8607952499999999 0.8669608722222222 0.8649113222222221 0.8596262111111111 0.8671997666666666 0.8595194555555555 0.8702567555555556 0.86692185 0.8897174000000001 0.8799006777777778 0.9089140277777777 0.8922455611111111 0.92257575
0 0.6983729388888889 0.7493048555555556 0.7065197388888889 0.7528970111111112 0.7147242166666667 0.7548373444444445 0.7220162333333333 0.7473741222222222 0.7435269722222222 0.7354459333333333 0.7458424666666666 0.7283602 0.7439388777777778 0.7253172666666666 0.7278433055555555 0.7247552 0.716905688888889 0.7279009777777777 0.71027295 0.7241416277777778 0.6970750388888889 0.7236807444444444 0.69219005 0.7271386999999999 0.6920389388888889 0.7314659833333335 0.6983729388888889 0.7493048555555556
0 0.3138888888888889 0.2361111111111111 0.011111111111111112 0.016666666666666666
0 0.30277777777777776 0.3138888888888889 0.005555555555555556 0.011111111111111112
0 0.28888888888888886 0.3388888888888889 0.011111111111111112 0.011111111111111112
0 0.25 0.18888888888888888 0.011111111111111112 0.016666666666666666
0 0.22777777777777777 0.14444444444444443 0.011111111111111112 0.005555555555555556
0 0.2222222222222222 0.12222222222222222 0.005555555555555556 0.011111111111111112
0 0.275 0.2222222222222222 0.011111111111111112 0.016666666666666666
0 0.30833333333333335 0.29444444444444445 0.011111111111111112 0.011111111111111112
0 0.3055555555555556 0.2638888888888889 0.011111111111111112 0.027777777777777776
0 0.2972222222222222 0.23055555555555557 0.022222222222222223 0.022222222222222223
0 0.18888888888888888 0.3972222222222222 0.005555555555555556 0.011111111111111112
0 0.21944444444444444 0.4305555555555556 0.011111111111111112 0.011111111111111112
0 0.5083333333333333 0.5027777777777778 0.005555555555555556 0.016666666666666666
0 0.4666666666666667 0.5805555555555556 0.005555555555555556 0.011111111111111112
0 0.5805555555555556 0.6527777777777778 0.005555555555555556 0.011111111111111112
0 0.6305555555555555 0.6861111111111111 0.005555555555555556 0.016666666666666666
0 0.6222222222222222 0.7027777777777777 0.005555555555555556 0.005555555555555556
0 0.6555555555555556 0.7194444444444444 0.005555555555555556 0.011111111111111112
0 0.6472222222222223 0.7055555555555556 0.011111111111111112 0.011111111111111112
0 0.6833333333333333 0.6972222222222222 0.011111111111111112 0.005555555555555556
0 0.6833333333333333 0.7472222222222222 0.005555555555555556 0.005555555555555556
0 0.6 0.6805555555555556 0.011111111111111112 0.011111111111111112
0 0.4666666666666667 0.4666666666666667 0.022222222222222223 0.011111111111111112
0 0.42777777777777776 0.41388888888888886 0.011111111111111112 0.011111111111111112
0 0.3972222222222222 0.37777777777777777 0.005555555555555556 0.016666666666666666
0 0.3416666666666667 0.48333333333333334 0.005555555555555556 0.011111111111111112
0 0.375 0.5194444444444445 0.005555555555555556 0.005555555555555556
0 0.4166666666666667 0.5444444444444444 0.011111111111111112 0.005555555555555556
0 0.8222222222222222 0.8138888888888889 0.022222222222222223 0.016666666666666666
0 0.25080658333333333 0.37456019444444444 0.2485193722222222 0.3788486055555556 0.2481922277777778 0.38821686111111114 0.2639989222222222 0.4069750333333333 0.2680822222222222 0.3966433777777778 0.25348374444444444 0.3746536833333333 0.25080658333333333 0.37456019444444444
0 0.2835813722222222 0.3957823 0.2788548055555556 0.38900192777777776 0.2653167611111111 0.3750669 0.2609603277777778 0.3749147722222222 0.2597390055555555 0.3759349055555556 0.2595792333333333 0.3805101333333333 0.26815245 0.38752564444444443 0.2706212 0.3997399333333333 0.2761932111111111 0.4059985555555556 0.2835813722222222 0.3957823