0 0.7628968222222222 0.1953479611111111 0.7549603166666666 0.20790940555555557 0.7524801555555556 0.22443762222222222 0.7444444444444445 0.24711821666666667 0.7444444444444445 0.2722222222222222 0.7446311333333333 0.2722222222222222 0.7916666666666666 0.22713705555555555 0.7628968222222222 0.1953479611111111
0 0.2901785722222222 0.6499562722222223 0.28888888888888886 0.6514460166666667 0.28888888888888886 0.6671543 0.2925121 0.6722222222222223 0.2956707777777778 0.6722222222222223 0.3025793666666667 0.6618565888888889 0.2976190444444444 0.6492951444444445 0.2901785722222222 0.6499562722222223
0 0.2861111111111111 0.6416666666666667 0.016666666666666666 0.005555555555555556
0 0.26944444444444443 0.5944444444444444 0.011111111111111112 0.022222222222222223
0 0.34444444444444444 0.5027777777777778 0.011111111111111112 0.016666666666666666
0 0.42777777777777776 0.4527777777777778 0.022222222222222223 0.016666666666666666
0 0.5138888888888888 0.39444444444444443 0.011111111111111112 0.011111111111111112
0 0.575 0.3416666666666667 0.011111111111111112 0.011111111111111112
0 0.5694444444444444 0.3611111111111111 0.005555555555555556 0.011111111111111112
0 0.5583333333333333 0.36666666666666664 0.005555555555555556 0.011111111111111112
0 0.45 0.5583333333333333 0.011111111111111112 0.016666666666666666
0 0.5361111111111111 0.38333333333333336 0.005555555555555556 0.011111111111111112
0 0.525 0.38055555555555554 0.016666666666666666 0.016666666666666666
0 0.46111111111111114 0.42777777777777776 0.011111111111111112 0.011111111111111112
0 0.675 0.325 0.005555555555555556 0.011111111111111112
0 0.6861111111111111 0.3194444444444444 0.005555555555555556 0.005555555555555556
0 0.85 0.10892472777777777 0.85 0.11337511666666666 0.8533730166666668 0.11787079444444445 0.8585422666666667 0.12222222222222222 0.872353511111111 0.12222222222222222 0.878670638888889 0.11985418333333334 0.8915674611111112 0.11456515 0.9198412666666667 0.10266483888888889 0.9421626999999999 0.07756401111111111 0.9416666722222222 0.06299711666666666 0.9332341277777778 0.06498050000000001 0.9252976222222222 0.05969146666666667 0.9168650833333334 0.05969146666666667 0.8841269888888889 0.08150872222222222 0.85 0.10892472777777777