0 0.8943699888888889 0.9417312166666666 0.9049707277777779 0.9542078833333333 0.9188466166666667 0.9673528944444445 0.9398698999999999 0.9704415277777778 0.9439926055555555 0.9738862222222222 0.9497420499999999 0.9741875388888889 0.9524141333333332 0.9710989444444444 0.8991543722222223 0.8883370111111112 0.8964980333333332 0.9001188944444445 0.8905679444444445 0.9132193555555556 0.8905791611111111 0.9256377555555556 0.8943699888888889 0.9417312166666666
0 0.81491655 0.8601418111111111 0.8146135666666666 0.8659230666666666 0.82050205 0.8728403 0.8635357888888889 0.8750956055555557 0.8669073444444444 0.8713979444444444 0.8616889277777777 0.8686408944444444 0.8224016111111111 0.8616148111111112 0.81491655 0.8601418111111111
0 0.7488323 0.7411311166666668 0.8110733777777779 0.7443930333333333 0.8084866166666667 0.7379492222222223 0.7912169888888889 0.7390310111111111 0.7771334111111111 0.7298488055555555 0.7596113222222223 0.7219765388888889 0.7496979388888889 0.7246137444444445 0.7488323 0.7411311166666668
0 0.5138888888888888 0.18333333333333332 0.016666666666666666 0.011111111111111112
0 0.4638888888888889 0.23333333333333334 0.011111111111111112 0.005555555555555556
0 0.44722222222222224 0.225 0.011111111111111112 0.011111111111111112
0 0.6277777777777778 0.4666666666666667 0.011111111111111112 0.011111111111111112
0 0.5972222222222222 0.425 0.011111111111111112 0.011111111111111112
0 0.55 0.5055555555555555 0.011111111111111112 0.005555555555555556
0 0.5388888888888889 0.5 0.011111111111111112 0.005555555555555556
0 0.49722222222222223 0.45 0.011111111111111112 0.011111111111111112
0 0.6111111111111112 0.5888888888888889 0.011111111111111112 0.011111111111111112
0 0.6888888888888889 0.6583333333333333 0.011111111111111112 0.005555555555555556
0 0.6777777777777778 0.6638888888888889 0.005555555555555556 0.011111111111111112
0 0.7055555555555556 0.6805555555555556 0.011111111111111112 0.005555555555555556
0 0.7472222222222222 0.6944444444444444 0.005555555555555556 0.005555555555555556