0 0.14247622222222223 0.7100404611111111 0.16035385555555554 0.7068381166666667 0.16277112777777777 0.6912355722222222 0.1784364277777778 0.6912981111111112 0.17966845555555555 0.6677896166666666 0.1756425611111111 0.6665860777777778 0.12524607222222223 0.6639449111111111 0.11046317777777778 0.6682118 0.09952142222222221 0.6875068722222223 0.10570032222222221 0.7064574111111112 0.14247622222222223 0.7100404611111111
0 0.20754469444444443 0.6808331 0.21528323333333332 0.6791690277777778 0.2186851277777778 0.6663697 0.21885577222222222 0.6631135666666667 0.21307630000000002 0.6574215388888889 0.2011516611111111 0.6567965944444445 0.2004311722222222 0.6572803833333333 0.19603047222222222 0.6740391444444445 0.19593828333333335 0.6757982277777778 0.20754469444444443 0.6808331
0 0.2267206611111111 0.61919435 0.19782607222222223 0.61768005 0.1969306388888889 0.6179228666666667 0.19975581111111113 0.6271773277777778 0.20253771666666667 0.6372573666666667 0.21530972777777777 0.6370988666666667 0.2257348611111111 0.6380045888888889 0.2267206611111111 0.61919435
0 0.3430856722222222 0.6364191388888889 0.32799315 0.6356281777777778 0.33749727777777777 0.6705981055555555 0.34626845 0.6734260722222223 0.3467878722222222 0.663514911111111 0.3430856722222222 0.6364191388888889
0 0.33186636666666663 0.6301603611111111 0.34120984444444447 0.6285803944444445 0.35359517222222225 0.6238484333333333 0.36400542222222226 0.6252218611111111 0.36586128888888886 0.6180278277777778 0.3667440166666667 0.6011844000000001 0.3657321333333333 0.5986637333333333 0.3409624333333333 0.5973656111111112 0.33918512222222225 0.6040525888888889 0.3218048611111111 0.6093506333333334 0.3225590944444444 0.6160129888888889 0.33186636666666663 0.6301603611111111
0 0 0.7218571333333332 0.0001277888888888889 0.7223660055555555 0.028910500000000002 0.7205630277777778 0.032360738888888886 0.7186417444444444 0.03270315555555555 0.7121080055555555 0.030060261111111115 0.70902505 0.005530644444444444 0.7077395055555555 0 0.7102671500000001 0 0.7218571333333332
0 0 0.6008378111111111 0.023794794444444448 0.602483 0.02407308888888889 0.6182268111111111 0.04442995555555555 0.6192936722222222 0.08042998333333333 0.6166271555555555 0.08798602777777777 0.6126140666666667 0.0889109388888889 0.5949657444444445 0.07453824444444444 0.51664475 0.06312372222222222 0.5160465444444444 0 0.53780485 0 0.6008378111111111
0 0.08879571666666666 0.5871883333333333 0.09450585 0.5900125444444444 0.09599133888888889 0.5900903944444444 0.11757849444444445 0.5787151055555555 0.1180757111111111 0.5692277277777779 0.10652483333333333 0.5071947388888889 0.09684582222222222 0.5066874833333334 0.07721967222222222 0.5133165722222223 0.08879571666666666 0.5871883333333333
0 0.16272429444444445 0.5569965722222222 0.19557463888888887 0.5512674944444445 0.19756839444444446 0.5658594333333333 0.20766349444444446 0.5837734333333333 0.22885631666666664 0.5815726777777778 0.2357136111111111 0.5748953 0.24037965555555554 0.5708688444444445 0.24178958888888888 0.5439657555555556 0.22702239444444444 0.4690043111111111 0.22003463888888888 0.46863809999999995 0.2141412777777778 0.47069690555555554 0.17337199444444445 0.48015022777777777 0.14847156111111112 0.49209092222222217 0.16272429444444445 0.5569965722222222
0 0.28312666111111107 0.5271542055555555 0.27446284444444446 0.5345647666666667 0.27933579444444445 0.5592418444444445 0.28406037222222225 0.5619730111111111 0.3415516388888889 0.5511246333333333 0.3424944 0.5331357277777778 0.32638396666666664 0.4797748111111111 0.3138540444444444 0.47911814444444445 0.31899048888888887 0.49550565555555554 0.3036595388888889 0.5038085944444445 0.28960202777777777 0.5088668444444444 0.28312666111111107 0.5271542055555555
0 0.2765130055555555 0.4788003277777778 0.27007862222222223 0.4545712555555556 0.26535339444444445 0.45432361666666665 0.2527281722222222 0.4589271055555556 0.2626418888888889 0.49256082222222225 0.2675463166666667 0.49199000555555555 0.27764435555555556 0.48879388333333335 0.2832637333333333 0.4973669111111111 0.2973212333333333 0.49230866111111116 0.29887355555555556 0.5005857666666667 0.30151445555555556 0.5007241722222222 0.3109707944444444 0.49773114999999996 0.31120526666666665 0.4932572222222222 0.3029991 0.4681845222222222 0.2908301222222222 0.4687885611111111 0.28921053888888887 0.47863792777777775 0.2765130055555555 0.4788003277777778
0 0.34485714444444443 0.4362375111111111 0.3321150722222222 0.43872384999999997 0.33470275555555556 0.4541747666666667 0.3399661611111111 0.45734809444444446 0.37169450555555555 0.45197414444444445 0.3757935333333334 0.4601115388888889 0.3852377555555556 0.46060648888888883 0.3853868111111111 0.45776223333333327 0.3809719166666667 0.4381302055555556 0.37113402222222225 0.43761462222222225 0.36506131111111106 0.44169226666666667 0.3517486833333333 0.4430642166666667 0.35072966666666666 0.43654527777777774 0.34485714444444443 0.4362375111111111
0 0.6713189611111111 0.6278968500000001 0.6715713333333333 0.6230813388888888 0.6664343611111111 0.6144228722222222 0.6651799333333334 0.6143571277777777 0.6375069944444445 0.61688055 0.6465595444444444 0.6347399111111112 0.6593506888888889 0.6316849222222223 0.6713189611111111 0.6278968500000001