0 0.4879332333333334 0.5580882222222222 0.4966318555555555 0.5827324888888888 0.5255147222222223 0.6031672722222222 0.5348527388888888 0.5867556611111111 0.5347264055555556 0.5795180166666667 0.48909332222222224 0.5390851888888889 0.4849764611111111 0.53915705 0.48071488333333334 0.5471937333333333 0.4879332333333334 0.5580882222222222
0 0.7355057111111112 0.7903785277777777 0.7491763555555555 0.7689578055555556 0.7491140333333334 0.7653874888888889 0.7129553666666666 0.7407645277777778 0.7077484777777778 0.7408554166666667 0.7056291166666666 0.7634289944444443 0.7353671388888888 0.7903809500000001 0.7355057111111112 0.7903785277777777
0 0.8455503333333334 0.8786765833333334 0.8252434 0.8659091000000001 0.8343357722222222 0.842056338888889 0.8303266277777777 0.8255374611111111 0.7914969722222223 0.8273754055555556 0.7823449388888889 0.8173429555555556 0.7782123833333333 0.8174150888888889 0.7619319055555555 0.8389119555555555 0.7763013 0.8568449444444445 0.78978625 0.8477931777777777 0.8150838944444445 0.8523108222222221 0.8126331166666667 0.8777007277777777 0.8298708722222222 0.8998594166666667 0.8321136111111112 0.8998202666666667 0.8414775222222223 0.8959320777777778 0.8456154388888889 0.8824063666666666 0.8455503333333334 0.8786765833333334
0 0.8570424388888889 0.8938287333333333 0.8450407944444444 0.897802188888889 0.8473188111111111 0.9098849555555556 0.8540950222222221 0.9191341000000001 0.8481551777777778 0.9341154388888889 0.8587375944444444 0.9482573555555557 0.8689056 0.9433945944444444 0.86825275 0.9059929944444445 0.864446511111111 0.8963614055555555 0.8634091944444445 0.8937176 0.8570424388888889 0.8938287333333333
0 0.74983685 0.8067975833333334 0.7402424444444444 0.8069650555555556 0.7356609611111111 0.8179512277777778 0.7432733833333334 0.8277367944444445 0.7500793722222222 0.8206916166666667 0.74983685 0.8067975833333334
0 0.7041741666666667 0.7634459666666668 0.6992549055555556 0.7738942222222223 0.6993211722222222 0.7776905333333334 0.7117482833333333 0.7947221611111112 0.7160962444444444 0.7837558222222222 0.7159904333333333 0.7776937666666667 0.7041741666666667 0.7634459666666668
0 0.6340971666666667 0.7131281611111111 0.6540560111111111 0.73105965 0.65366155 0.7084610944444445 0.6397375666666666 0.7087041388888888 0.6340971666666667 0.7131281611111111
0 0.6193516111111111 0.6528023555555555 0.6120061111111111 0.6425113722222222 0.6063398888888889 0.6426102777777778 0.6009407222222223 0.6458662333333334 0.6161270944444445 0.6632339388888889 0.6195088888888889 0.6618127777777778 0.6193516111111111 0.6528023555555555
0 0.5698128111111112 0.6321350555555556 0.5743588444444444 0.6217766055555555 0.5742470111111111 0.6153698611111111 0.5478338722222222 0.5936238888888888 0.5426740277777777 0.5937139555555555 0.53317135 0.6041168277777778 0.5662975166666667 0.6321964166666667 0.5698128111111112 0.6321350555555556
0 0.47827273888888894 0.5285500999999999 0.45698622222222224 0.5122429555555555 0.4510574777777778 0.5278602111111111 0.47528830555555557 0.5423149222222222 0.4784182722222222 0.5368878055555555 0.47827273888888894 0.5285500999999999
0 0.4830823 0.5165540555555556 0.45247180555555555 0.4897168055555555 0.44256879444444447 0.4898896611111111 0.4409450944444444 0.49469756111111113 0.4568603777777778 0.5064547388888888 0.46866498333333334 0.5195608277777778 0.4830823 0.5165540555555556
0 0.43846027777777774 0.47597812777777776 0.4384597777777778 0.4759495222222222 0.38385377222222217 0.4256731611111111 0.35225075 0.39151025 0.33514704444444443 0.36952387777777773 0.3308003166666667 0.36959975 0.3152654111111111 0.3805843222222222 0.3110077611111111 0.42088342777777776 0.3427740888888889 0.4407168444444444 0.3973199777777778 0.4866018277777778 0.40675864999999994 0.50627395 0.4125913666666667 0.5088399166666666 0.41653354444444446 0.49783796666666663 0.4297302055555556 0.4959545444444444 0.43358432222222226 0.4799075611111111 0.43846027777777774 0.47597812777777776
0 0.30934180555555557 0.4002849166666666 0.3092333555555556 0.3940719 0.2903694611111111 0.38344724444444445 0.28299277222222224 0.38154703333333334 0.2812332611111111 0.38157775 0.2816325388888889 0.40445235555555553 0.3033452888888889 0.4162822277777778 0.30934180555555557 0.4002849166666666
0 0.2809488722222222 0.29280903333333336 0.2609054388888889 0.27636093888888885 0.2356064611111111 0.2768025333333333 0.22505765555555557 0.28827437777777776 0.23265083888888888 0.29695822777777775 0.24230089444444447 0.30505515555555557 0.25082628333333334 0.29608995 0.2615816166666667 0.2964532388888889 0.30617007777777777 0.36400198333333333 0.3141747388888889 0.3725744222222222 0.3253551277777778 0.36270957777777774 0.3252936666666667 0.3591883388888889 0.2809488722222222 0.29280903333333336
0 0.23497719444444445 0.37291737222222227 0.27599809444444445 0.3999812277777778 0.2755725944444445 0.37560432777777775 0.2478738388888889 0.35384661111111115 0.2452133 0.3435344055555556 0.24210302222222221 0.32669675000000004 0.2182084 0.3271138333333333 0.22134785 0.35001224444444445 0.23497719444444445 0.37291737222222227
0 0.6698459444444445 0.6806862277777778 0.6540073666666667 0.6640038444444444 0.6481307611111111 0.6641064222222223 0.6473686833333333 0.6662689666666667 0.6475245444444444 0.6751983944444445 0.6677043722222222 0.69347405 0.6699859388888889 0.6887064388888888 0.6698459444444445 0.6806862277777778