0 0.3472359666666667 0.5085671944444444 0.38368443333333335 0.5274147611111111 0.40019907222222223 0.5279914666666667 0.4046591666666667 0.5240206722222223 0.40546913888888886 0.5008260833333333 0.40406928333333336 0.4960785222222222 0.3805926722222222 0.4791533777777778 0.3771570166666666 0.4790334055555555 0.3603187166666667 0.48628023888888894 0.35023446666666663 0.49885071111111107 0.3472359666666667 0.5085671944444444
0 0.39793723333333336 0.45568168333333336 0.39713052222222217 0.46237327777777776 0.4422166833333333 0.48979296111111115 0.44046185555555556 0.5005866777777778 0.47697075555555557 0.5204701777777777 0.4934673666666667 0.52156315 0.49925508333333335 0.5213316333333333 0.4998110055555556 0.5054120555555556 0.4883380666666667 0.4908866555555556 0.4633647833333333 0.4760581388888889 0.4328866111111111 0.46103738333333333 0.41486697222222224 0.45255555555555554 0.40085045555555554 0.45206608888888894 0.39793723333333336 0.45568168333333336
0 0.4631058 0.5431831611111111 0.4657496388888889 0.5432754888888889 0.47637619999999997 0.539748011111111 0.47643237222222223 0.53813945 0.4470061444444445 0.5203851833333333 0.4386428333333333 0.5200931277777778 0.43311075555555556 0.5220857611111112 0.4631058 0.5431831611111111
0 0.5888128722222222 0.3805979944444444 0.5932006777777777 0.37807803888888886 0.5934101222222222 0.3720804222222222 0.5458841388888889 0.34039299444444443 0.5363380555555556 0.3400596388888889 0.5243799277777778 0.3514688888888889 0.56009255 0.3744260111111111 0.5711383611111112 0.37377791666666665 0.5888128722222222 0.3805979944444444
0 0.5178297444444445 0.40703928333333333 0.5053896777777778 0.4081555777777777 0.4877331944444444 0.4008192388888889 0.4825529333333333 0.39932978333333335 0.4667270777777778 0.39877712777777774 0.46211087222222225 0.4045766333333334 0.4701338166666667 0.4115765611111111 0.47453592777777776 0.4236190944444444 0.4994190722222222 0.4410289833333333 0.5191038277777777 0.44946996666666666 0.5368324277777777 0.45474119999999996 0.5545069388888889 0.4615612666666667 0.5617630444444445 0.45612870555555557 0.570150161111111 0.44763420555555555 0.5708563 0.4471419611111111 0.5793840444444445 0.4396861888888889 0.5799378888888889 0.43950019999999995 0.5804381222222222 0.4251752833333333 0.5670671666666667 0.41754607222222223 0.5489389222222222 0.40399039444444446 0.5404456 0.40135143888888886 0.5322910722222223 0.40106667222222225 0.5282235055555555 0.40533461666666665 0.5178297444444445 0.40703928333333333
0 0.6380207555555556 0.3680971 0.6391075611111111 0.3369750722222222 0.6385855388888889 0.3342683722222222 0.6276118388888888 0.33285135 0.6154993111111111 0.34431717777777776 0.6076236166666666 0.3528295388888889 0.6291203 0.3685704611111111 0.6380207555555556 0.3680971
0 0.6442993111111112 0.2851256555555555 0.6481575388888889 0.29301395555555554 0.6518895666666666 0.30451618333333336 0.6536113555555555 0.31439750555555557 0.6604383611111111 0.3161866222222222 0.6654202611111112 0.3163605944444444 0.6784013333333333 0.3147462833333333 0.6846664388888889 0.31289745 0.6896274388888889 0.30893545 0.6901422388888889 0.3082185055555556 0.6903794333333333 0.3014261611111111 0.6873076888888889 0.29644872777777775 0.6779806388888888 0.2873356388888889 0.6671511666666666 0.2817884166666667 0.6582751277777779 0.27761047222222224 0.6428027888888889 0.2770701666666667 0.6442993111111112 0.2851256555555555
0 0.7247294722222222 0.2925953388888889 0.7297856722222222 0.2872900611111111 0.7302989333333334 0.2725922111111111 0.7207931166666667 0.26867576111111113 0.7073041944444445 0.26820472222222225 0.69930245 0.27103121666666663 0.6994857611111112 0.28551095 0.7109312222222222 0.29314730555555557 0.7247294722222222 0.2925953388888889
0 0.7760046388888889 0.23725013888888888 0.7499963000000001 0.2363419111111111 0.7403342111111111 0.24307730555555554 0.7303941833333334 0.2515175722222222 0.7356286333333333 0.2594539388888889 0.755421561111111 0.2647972611111111 0.7755789055555556 0.24944153888888887 0.7760046388888889 0.23725013888888888
0 0.7987906833333333 0.2282011 0.8042913166666666 0.22316201666666666 0.8044684166666667 0.21809050555555554 0.8013848222222222 0.21590066666666666 0.7768117499999999 0.21504255555555554 0.7722789055555555 0.217971 0.7781113222222221 0.22851276666666667 0.7923452888888889 0.2352126888888889 0.7987906833333333 0.2282011
0 0.7595544722222223 0.1977026166666667 0.7607946611111112 0.19524504444444446 0.7610401055555556 0.18821657777777778 0.759030938888889 0.18662692777777778 0.7341253555555555 0.18575720555555558 0.7337308111111112 0.18749654999999998 0.7395452 0.19855458888888888 0.7504828444444445 0.2010041611111111 0.7595544722222223 0.1977026166666667
0 0.7862680333333333 0.1958604388888889 0.8000302277777778 0.19634102222222222 0.8118432777777778 0.19778735 0.825472261111111 0.19774638333333333 0.8324254777777779 0.19592157222222223 0.8330868555555556 0.19450201666666667 0.833502038888889 0.1826127 0.8322241444444444 0.18195811666666664 0.8168874111111112 0.1871085 0.8166670833333334 0.17752174444444446 0.7911610333333333 0.17663105 0.7867728388888889 0.18140473333333335 0.7862680333333333 0.1958604388888889
0 0.8128479444444445 0.15312346666666668 0.8140979611111111 0.15678545555555554 0.8166701166666667 0.16204432222222223 0.8297081444444444 0.16353343333333334 0.8394138 0.1618047388888889 0.8454565777777778 0.15865398333333333 0.8457603444444445 0.14995533333333333 0.8447353722222223 0.1475172388888889 0.8243264499999999 0.14008478333333335 0.8100744555555556 0.1339011388888889 0.8037192111111111 0.13833135000000002 0.7987762388888888 0.1417770777777778 0.8128479444444445 0.15312346666666668
0 0.1741871222222222 0.7563857555555556 0.16498407777777777 0.7495712555555555 0.1500718388888889 0.7490505111111111 0.14362963333333334 0.7518546277777778 0.16101540555555557 0.7684858000000001 0.1741342277777778 0.7579004777777778 0.1741871222222222 0.7563857555555556