0 0.9819644 0.9413978333333333 0.9815627888888888 0.9356545277777777 0.9780466666666666 0.9315925722222222 0.9745915944444445 0.9106263888888888 0.9612064222222222 0.8969820277777777 0.9485466444444444 0.8866006500000001 0.9323894777777778 0.8830912722222223 0.9199727722222223 0.883296788888889 0.9069778 0.8894546055555556 0.8952440722222222 0.8923161611111111 0.9789229111111111 0.9441234166666667 0.9819644 0.9413978333333333
0 0.8777447944444445 0.8603696777777778 0.88138305 0.8569341 0.87837705 0.8139462777777778 0.8713580944444445 0.8081794111111111 0.8655830111111111 0.8085832444444444 0.8671864166666667 0.8160414611111111 0.8748970888888888 0.8552001666666667 0.8777447944444445 0.8603696777777778
0 0.7346504388888888 0.7730797888888888 0.7440770388888889 0.7870009666666667 0.7432968111111111 0.8042868444444445 0.7497847888888889 0.8067607555555556 0.7454371111111112 0.7445860833333333 0.7289373666666668 0.7457398555555556 0.7264735722222222 0.7556977555555556 0.7346504388888888 0.7730797888888888
0 0.18333333333333332 0.5194444444444445 0.011111111111111112 0.016666666666666666
0 0.23333333333333334 0.46944444444444444 0.005555555555555556 0.011111111111111112
0 0.225 0.4527777777777778 0.011111111111111112 0.011111111111111112
0 0.46944444444444444 0.6277777777777778 0.011111111111111112 0.011111111111111112
0 0.425 0.6 0.011111111111111112 0.011111111111111112
0 0.5055555555555555 0.55 0.005555555555555556 0.011111111111111112
0 0.5 0.5388888888888889 0.005555555555555556 0.011111111111111112
0 0.45 0.49722222222222223 0.011111111111111112 0.011111111111111112
0 0.5916666666666667 0.6111111111111112 0.011111111111111112 0.011111111111111112
0 0.6611111111111111 0.6861111111111111 0.005555555555555556 0.011111111111111112
0 0.6694444444444444 0.675 0.011111111111111112 0.005555555555555556
0 0.6833333333333333 0.7027777777777777 0.005555555555555556 0.011111111111111112
0 0.6972222222222222 0.7444444444444445 0.005555555555555556 0.005555555555555556