0 0.5206786944444445 0.4038789388888889 0.5244914111111112 0.39928297777777777 0.5233387055555556 0.3827985277777778 0.5032305833333334 0.3470300333333333 0.4936246722222222 0.3503658055555556 0.48141379444444443 0.3608826222222222 0.47475901666666664 0.3779635777777778 0.4749988222222222 0.38139294999999995 0.49273297777777775 0.4042645833333333 0.49752650000000004 0.40549789444444445 0.5206786944444445 0.4038789388888889
0 0.47479417222222225 0.4642226555555556 0.49048521111111115 0.4886632222222222 0.5054021666666667 0.4996222444444445 0.5212926388888889 0.49851107222222224 0.5213220277777778 0.4927188 0.519654 0.4762703833333333 0.4985084722222223 0.44047765 0.48778257222222227 0.44260810000000006 0.4588061111111111 0.39850633888888887 0.45214674444444447 0.39954609444444444 0.4486350166666666 0.4025837222222222 0.44961335555555554 0.4165746166666666 0.4587189 0.4342872666666666 0.47479417222222225 0.4642226555555556
0 0.5185233055555555 0.44632699444444446 0.5372937222222222 0.4751156833333333 0.5388993388888889 0.47500340555555554 0.5420538055555556 0.46426021111111115 0.5418692666666667 0.4616212055555556 0.5197379055555555 0.43238072222222224 0.5179395555555555 0.4379789722222222 0.5185233055555555 0.44632699444444446
0 0.37633750000000005 0.5755001111111111 0.37659970555555555 0.564438411111111 0.35241021666666666 0.5295487388888889 0.34142525 0.5418977611111111 0.34209155555555554 0.5514263944444444 0.3754183166666667 0.5978175444444445 0.3814049666666667 0.5973989166666667 0.3837702555555556 0.592925838888889 0.37633750000000005 0.5755001111111111
0 0.41058811111111115 0.47323794444444445 0.40331245000000004 0.46546418333333334 0.3976775833333333 0.4702799777777778 0.3987822111111111 0.4860769 0.40045155 0.49120202777777777 0.40839962222222226 0.5085917222222223 0.4077181611111111 0.5210631666666666 0.4063772722222222 0.531510088888889 0.40225388333333334 0.5357241222222222 0.4028230611111111 0.54386375 0.40575682777777783 0.5522597944444444 0.41993691111111114 0.5699039111111112 0.4280281166666667 0.5830004666666666 0.4423268444444444 0.5820006055555556 0.4424933944444444 0.5814406111111111 0.44964701111111116 0.5726578555555555 0.45011431111111116 0.5719349666666667 0.45831093333333334 0.5632565055555556 0.46348694444444444 0.5558152277777778 0.4560542055555556 0.5383895 0.4501674611111111 0.5208556611111111 0.4410446333333334 0.5014774833333333 0.4227769388888889 0.4772170944444445 0.41058811111111115 0.47323794444444445
0 0.34844288333333334 0.6208622055555555 0.3374067611111111 0.6333675055555555 0.3392059 0.6442850666666666 0.3419291666666667 0.644712311111111 0.37299430555555557 0.6425400222222222 0.37315675555555555 0.6336284666666666 0.35667520555555554 0.6126942277777777 0.34844288333333334 0.6208622055555555
0 0.28218971111111113 0.6504959333333333 0.28326966666666664 0.6659399944444444 0.28775483888888886 0.6746648166666667 0.29367662777777775 0.6852940944444444 0.30310967222222224 0.6942974222222222 0.3081912722222222 0.6971935888888888 0.3149712055555556 0.6967194888888889 0.31566974444444446 0.6961799777777778 0.31945619444444445 0.6910837333333333 0.32108525 0.6847579166666666 0.3222455444444445 0.6717284111111111 0.32189781666666667 0.6667556222222223 0.3198715277777778 0.6599952111111111 0.3099361388888889 0.6586193277777778 0.29831066666666667 0.6552909944444444 0.29029252222222224 0.651710411111111 0.28218971111111113 0.6504959333333333
0 0.3006347111111111 0.7180217833333333 0.29260356666666665 0.7068498 0.27812625555555553 0.7071719333333333 0.2755807333333333 0.71526745 0.27652225 0.7287317166666666 0.28076805555555556 0.7380950555555555 0.29543904444444447 0.7370691611111111 0.30056462777777776 0.7318308944444444 0.3006347111111111 0.7180217833333333
0 0.26782378888888886 0.7438800277777777 0.2597095833333333 0.7389257444444444 0.25162135555555554 0.7491542777777778 0.2452272666666667 0.7590455388888889 0.24704262222222223 0.7850063444444444 0.25921173333333336 0.7841553944444445 0.27385462222222223 0.7634744222222223 0.26782378888888886 0.7438800277777777
0 0.24557669444444447 0.8014081444444444 0.23838409444444444 0.7874166722222223 0.2276452 0.7819557111111111 0.22487673888888887 0.7865879944444444 0.2265919111111111 0.8111161555555556 0.22888803333333335 0.8141214444444446 0.23395027222222223 0.8137674555555555 0.23879431666666665 0.8080943111111111 0.24557669444444447 0.8014081444444444
0 0.20992802777777778 0.7607650666666667 0.20709823333333333 0.7499195666666667 0.1958440111111111 0.7444946444444445 0.19411949444444446 0.74494965 0.19585787777777777 0.7698097055555555 0.19751667777777776 0.7717621666666667 0.20453229444444443 0.7712715888888889 0.20694508888888888 0.7699463888888889 0.20992802777777778 0.7607650666666667
0 0.19374631666666664 0.8431212666666668 0.19444509444444447 0.8443755388888888 0.20631268333333333 0.8435456722222222 0.2077082888888889 0.8428351555555555 0.20928932777777776 0.8358224944444445 0.20885462222222223 0.8222003833333333 0.20699690555555555 0.810445 0.2060363222222222 0.7967079611111111 0.1916070388888889 0.7977169555555557 0.18698941111111111 0.8022690777777778 0.18876971111111113 0.8277285055555555 0.19835831666666667 0.8276141277777778 0.19374631666666664 0.8431212666666668
0 0.15976305555555556 0.8568268444444445 0.16223543333333332 0.8577661 0.17091818333333333 0.8571589444444445 0.17385612777777779 0.8510098833333334 0.17524504444444444 0.8412498111111112 0.1733018222222222 0.8282716944444445 0.16795639444444446 0.8258846333333333 0.16425301111111112 0.8247631833333333 0.1524224388888889 0.8110960333333334 0.14915131666666667 0.8161562444444443 0.1449456 0.8226622333333334 0.15162286666666666 0.8366897388888889 0.15976305555555556 0.8568268444444445
0 0.7377273388888889 0.15647824999999999 0.7448588666666668 0.16543786666666666 0.7463708166666666 0.1653321388888889 0.7564918555555555 0.1518518888888889 0.7392640555555556 0.13505712222222221 0.7366864777777777 0.14159327222222223 0.7377273388888889 0.15647824999999999