0 0.4980517777777778 0.3995280666666667 0.488147 0.4094167444444444 0.4761396888888889 0.4189677222222222 0.4743827166666667 0.4339584777777778 0.4838442777777778 0.4506783111111111 0.5016553611111111 0.45948058333333336 0.5160236222222222 0.4567069111111111 0.5206553666666667 0.4435409722222222 0.522153 0.4221237777777778 0.5079165166666666 0.3947402666666667 0.5035462111111111 0.3944346611111111 0.4980517777777778 0.3995280666666667
0 0.4821060833333333 0.47090312777777776 0.47519799444444444 0.4758844888888889 0.4685698888888889 0.48959002222222225 0.4595257222222222 0.4973064277777778 0.44911552222222223 0.5042878555555556 0.44414309444444444 0.5247213666666666 0.46141054444444446 0.55143305 0.4708063777777778 0.5690928833333333 0.5092470333333333 0.5270455888888889 0.5101077888888889 0.5147362055555555 0.5023569611111111 0.49289724444444444 0.4896066055555555 0.47142761666666666 0.4821060833333333 0.47090312777777776
0 0.46696329999999997 0.4648638388888889 0.4651361611111111 0.4641473555555556 0.44707238888888884 0.4628842111111111 0.4081098833333333 0.49569863888888893 0.4254430722222222 0.5214703111111111 0.4520815777777778 0.5053856444444444 0.46282759999999995 0.48346666111111114 0.46696329999999997 0.4648638388888889
0 0.5236393555555555 0.5098617777777777 0.5447014555555556 0.4924425611111111 0.599771838888889 0.42711275000000004 0.601131588888889 0.4076674555555556 0.5817680944444444 0.377904 0.549738 0.3596060222222222 0.5260040777777778 0.3645585888888889 0.5213603055555556 0.3802920833333333 0.5272298055555555 0.3977053388888889 0.5293757777777778 0.4176920111111111 0.52305855 0.4370868888888889 0.5128205944444444 0.4618752055555555 0.5038972722222222 0.46786343333333336 0.49863174444444447 0.4722182333333333 0.5091094555555555 0.4946767333333333 0.5236393555555555 0.5098617777777777
0 0.3075479944444444 0.5946898166666666 0.31832419444444443 0.5926095555555555 0.33500544444444447 0.5871638166666666 0.33815501666666664 0.5845108888888889 0.33902659444444444 0.5720467666666667 0.3330988222222222 0.5607277166666667 0.32484473888888893 0.5601505333333333 0.3131777388888889 0.5648562500000001 0.30866543333333335 0.5787097333333333 0.3075479944444444 0.5946898166666666
0 0.38188496666666666 0.6239256777777779 0.38025945555555557 0.6370364222222222 0.38678141111111114 0.6480183888888889 0.3969821166666667 0.6487316944444445 0.40084885000000003 0.6436530666666667 0.4022899277777778 0.6230447222222222 0.3976158055555556 0.6118012722222222 0.3942373 0.6095559055555555 0.38412189444444444 0.6088485666666666 0.3785078722222222 0.6114097166666667 0.38188496666666666 0.6239256777777779
0 0.4546169888888889 0.5915122222222222 0.4557027055555556 0.57598575 0.43892644999999997 0.547273 0.42521777777777775 0.5337545666666667 0.4231797277777778 0.5336120555555556 0.41370015 0.5395130611111111 0.41338284999999997 0.5440507055555556 0.4137162611111111 0.5530669333333333 0.4384609444444445 0.5944704888888889 0.4546169888888889 0.5915122222222222
0 0.7367535111111111 0.22031093333333335 0.7386159611111112 0.19367659999999998 0.7104019 0.19170367777777778 0.6917540388888889 0.21249774444444444 0.6839988611111111 0.22600013333333335 0.6926446333333334 0.23222889444444444 0.7018126611111111 0.23640029444444444 0.7091235555555555 0.2454851388888889 0.7129051444444444 0.25634050555555554 0.726435261111111 0.25224332222222223 0.7347139611111111 0.24947782777777777 0.7360204 0.2307948722222222 0.7291887499999999 0.22368904444444446 0.7367535111111111 0.22031093333333335
0 0.7658840944444445 0.21860412777777777 0.7636205 0.21770157222222225 0.7545752222222223 0.21706906666666667 0.7501648777777777 0.2215395722222222 0.7474654666666666 0.23849803333333333 0.7408200277777777 0.26318647222222225 0.7442301499999999 0.26853160555555555 0.7496165944444444 0.2618476388888889 0.7577441555555555 0.25384236111111114 0.7668865833333333 0.25296867777777776 0.7756173777777778 0.25257053333333335 0.77944605 0.24691634444444444 0.7806177388888889 0.2301604388888889 0.7675818611111112 0.2267921222222222 0.7658840944444445 0.21860412777777777
0 0.7660820944444444 0.1733207277777778 0.7646253722222222 0.17513868333333332 0.7632821611111111 0.18352503888888888 0.7729957222222222 0.18530626666666666 0.7782417888888888 0.18062980555555555 0.7784075722222222 0.1741826111111111 0.7660820944444444 0.1733207277777778
0 0.7870245222222222 0.19877438888888888 0.7843082555555556 0.19130259444444445 0.7833238222222222 0.19123375555555555 0.7760088555555555 0.19396945000000002 0.7737049777777778 0.19986030555555553 0.7729329 0.21090158333333334 0.7806393277777777 0.20891882222222222 0.7870245222222222 0.19877438888888888
0 0.7797031166666667 0.1550136 0.7871470833333334 0.16219543333333333 0.7985744 0.16652481666666666 0.8020212833333333 0.16300190555555555 0.8032883222222221 0.1448824611111111 0.8014843722222222 0.14655509444444445 0.7907560722222222 0.15387418333333333 0.7827878722222222 0.14877802222222222 0.7797031166666667 0.1550136
0 0.6904812388888889 0.29181915 0.6818016555555556 0.3023074777777778 0.6808190055555555 0.3163600111111111 0.6911071833333333 0.32615736666666667 0.6989634833333334 0.31662013333333333 0.6968635555555556 0.3033607111111111 0.7090980499999999 0.29614694444444445 0.7040958611111111 0.2859377833333333 0.6994611333333333 0.28561369444444445 0.6969271333333333 0.28621792777777777 0.6904812388888889 0.29181915