0 0.2508249 0.19874726666666664 0.2557236888888889 0.19866176111111114 0.2701608222222222 0.19568116666666668 0.2662077277777778 0.19227741666666667 0.2554235166666667 0.18055908333333334 0.24455272777777778 0.16388118333333332 0.2257669277777778 0.1483336611111111 0.20457073888888888 0.1462231 0.18479184999999998 0.1495449888888889 0.16624885 0.1606463277777778 0.16627123333333332 0.16192851111111112 0.1965487388888889 0.17910620555555556 0.20763904444444445 0.1704788 0.22081631666666668 0.16776825555555555 0.23156590555555556 0.17750277222222222 0.23704458333333334 0.18832149999999998 0.2508249 0.19874726666666664
0 0.18683139444444447 0.19832635 0.1724673388888889 0.19857707222222223 0.17250668888888887 0.20083143888888888 0.2147900388888889 0.2271582666666667 0.23293212777777778 0.22684159444444446 0.23157907777777775 0.22383895555555558 0.22227274444444442 0.22102476111111113 0.20292113888888888 0.2109442888888889 0.18683139444444447 0.19832635
0 0.3169563222222222 0.26407132222222224 0.32080994444444444 0.25755465555555557 0.29998911111111115 0.23906600555555554 0.2855071 0.24279154444444445 0.2676593388888889 0.24310307777777776 0.26226419444444443 0.2498189388888889 0.2623981 0.2574901388888889 0.26330051111111114 0.2585584888888889 0.2833218 0.2691233777777778 0.2993780833333333 0.2868022 0.30090453333333333 0.28677555555555556 0.3098841222222222 0.2756052333333333 0.3169563222222222 0.26407132222222224
0 0.43827345 0.38399612222222224 0.4494416722222222 0.37983231666666667 0.4433366 0.37100895 0.4464179277777778 0.3625213444444445 0.43908475 0.35471162777777776 0.37398679999999995 0.2997877888888889 0.3607489222222222 0.29902664444444443 0.3520453388888889 0.3001603111111111 0.35224168333333333 0.31140900555555556 0.3551286388888889 0.3179768277777778 0.3560753444444445 0.33433183888888884 0.36684224444444447 0.3450582611111111 0.4225575833333334 0.3902237277777778 0.4356010166666666 0.38999605 0.43827345 0.38399612222222224
0 0.5103347111111111 0.4553683944444445 0.526937538888889 0.4550785888888889 0.5360162722222223 0.4473792888888889 0.5265368 0.43464596666666666 0.5203797777777778 0.42284686111111114 0.5002286388888889 0.4048426277777778 0.47744203333333335 0.3873805111111111 0.47016206666666666 0.3870114722222222 0.4589245888888889 0.3872076222222222 0.45363409444444447 0.3903074333333333 0.45411973888888885 0.4181300333333334 0.46017429444444446 0.42092110555555556 0.47205548333333336 0.41972150555555554 0.48275312777777774 0.4264802777777778 0.4829868666666667 0.4398710944444444 0.5010510499999999 0.45195846666666667 0.5103347111111111 0.4553683944444445
0 0.5970624777777778 0.49274936666666663 0.6024329555555555 0.48853793333333334 0.6004238777777777 0.4831158222222222 0.5454491111111112 0.4399218611111111 0.5382470611111111 0.4440164333333333 0.5214761388888889 0.4570629166666667 0.5216123166666667 0.46486475555555556 0.5281553999999999 0.4719745888888889 0.5283631666666666 0.48387753888888885 0.5397651277777779 0.49310455555555555 0.5535774555555555 0.4888946055555556 0.5628793055555555 0.4933460333333333 0.5970624777777778 0.49274936666666663
0 0.5927965277777777 0.5132138333333334 0.5816023388888889 0.5158897666666666 0.5781898611111111 0.5229295722222222 0.5782973888888889 0.5290896777777778 0.5838624444444445 0.53172575 0.5921485833333333 0.5372863555555556 0.6211646555555556 0.5367798777777778 0.6175315888888889 0.5286575166666667 0.6061729111111112 0.5219102833333333 0.5927965277777777 0.5132138333333334
0 0.6066705666666667 0.5129716666666667 0.6081983944444445 0.5208827111111111 0.6248799111111112 0.5295214666666667 0.6245391944444445 0.5478833888888889 0.63502995 0.5532070611111111 0.6364676888888888 0.5531819666666666 0.6437090055555555 0.5475487777777778 0.6515287944444444 0.5409628833333333 0.6533387500000001 0.53100915 0.62117655 0.5067651722222222 0.6112697944444445 0.5074342055555555 0.6066705666666667 0.5129716666666667
0 0.6652848 0.5915737722222222 0.6716472 0.5914627166666667 0.6825945222222222 0.5869554944444444 0.6971111666666666 0.5852137888888889 0.7013516944444445 0.5756932888888889 0.7013027277777778 0.5728877055555556 0.700783 0.56828205 0.6791924833333334 0.5579926055555556 0.6784184333333333 0.5580061166666667 0.6716198555555556 0.5643261222222222 0.6568000166666667 0.56993775 0.6568140055555556 0.5707391777777778 0.6599550888888889 0.5779246333333333 0.6601282277777778 0.5878437555555556 0.6652848 0.5915737722222222
0 0.6966967333333334 0.5984670888888889 0.6906262888888889 0.5916275444444444 0.6755092111111111 0.5968524888888889 0.6655764833333333 0.5960336444444445 0.6573240944444444 0.5999619888888889 0.6574137888888889 0.60510045 0.6849098 0.6301260333333333 0.7034372166666667 0.6298026333333333 0.7090800277777778 0.6260329444444445 0.6976261277777778 0.6138301888888889 0.6914950833333333 0.6035189555555556 0.6966967333333334 0.5984670888888889
0 0.9292731000000001 0.7420489888888888 0.9238030833333334 0.7317262166666667 0.9070616666666667 0.7216001833333334 0.8945706777777777 0.7238026388888888 0.8762408111111111 0.7269765444444444 0.8765077333333333 0.7422685 0.8791215444444446 0.7478854611111111 0.8861972222222222 0.7544097888888888 0.8972175888888889 0.7542174277777778 0.90435315 0.7538944333333333 0.9161564277777777 0.7482312277777778 0.9292731000000001 0.7420489888888888
0 0.8719435 0.7991098 0.8837222333333332 0.7989042055555556 0.8947547777777778 0.7945443277777777 0.8965647277777778 0.7845905888888889 0.8826571666666666 0.7833450277777778 0.8761161444444444 0.7874280555555556 0.8717636833333333 0.7888079666666666 0.8719435 0.7991098
0 0.8322792166666667 0.7609073333333334 0.8381796111111112 0.7566370388888889 0.8433810055555556 0.7481124222222222 0.8517060111111111 0.7325877833333334 0.8668230833333334 0.7273628444444444 0.8798099055555555 0.7137412555555555 0.8924560055555555 0.7184815944444444 0.8981713833333334 0.7100740333333333 0.8981680055555555 0.7098804055555555 0.8507018055555556 0.6750568666666668 0.8339337055555556 0.66145855 0.8254442277777778 0.6675600222222222 0.8029086777777777 0.6644806333333334 0.7997593611111111 0.6734655333333333 0.7973316722222222 0.6859105888888889 0.781467 0.6861875111111111 0.7642196722222222 0.6830158111111111 0.758830188888889 0.6853735000000001 0.7588370333333333 0.6857656111111111 0.7908945333333334 0.6959451 0.7884322166666666 0.7064063333333332 0.7765943111111112 0.7100857166666666 0.8190441666666667 0.7554827277777778 0.8271809555555556 0.7609963222222222 0.8322792166666667 0.7609073333333334
0 1 0.7943648388888889 0.9909165666666666 0.7939076444444445 0.9845998388888889 0.8064205833333334 0.983233961111111 0.8084148833333333 0.9836085222222222 0.8298735055555555 0.990409011111111 0.8359367944444445 1 0.8357693777777778 1 0.7943648388888889