0 0.5542668333333333 0.36037421666666664 0.5367175 0.37312601666666667 0.5356905222222222 0.38781251666666666 0.5374772 0.3912382277777778 0.5476954500000001 0.39195275555555553 0.5604629944444445 0.3873172166666667 0.5617244055555556 0.36927820555555557 0.5542668333333333 0.36037421666666664
0 0.5556713222222223 0.579926638888889 0.5608569666666667 0.5933614777777778 0.5665037277777778 0.5937563388888889 0.5821355444444444 0.5724821611111112 0.5713214388888889 0.5493583833333333 0.5562203166666667 0.5720756722222222 0.5556713222222223 0.579926638888889
0 0.5947253833333334 0.6585647277777777 0.6023987222222222 0.6630958222222222 0.6066577055555555 0.6633936388888889 0.6121539 0.6482518055555556 0.6125238277777778 0.6429616055555556 0.6066748111111111 0.6377201 0.5950176722222222 0.6543848055555556 0.5947253833333334 0.6585647277777777
0 0.6204774611111111 0.6885036777777778 0.6667122777777779 0.7177151611111111 0.6722264722222222 0.7181007500000001 0.6769928333333334 0.6971614777777777 0.6597316611111111 0.6951260277777778 0.6216465777777778 0.6717845 0.6204774611111111 0.6885036777777778
0 0.5309898666666667 0.4747678166666667 0.5182157444444445 0.47967357222222223 0.5278504333333333 0.5018864444444445 0.5413583777777777 0.49537515000000004 0.542280738888889 0.4821847888888889 0.5411745666666666 0.47133786111111114 0.5309898666666667 0.4747678166666667
0 0.4273331333333333 0.3445523555555556 0.43422646666666664 0.34503438333333336 0.4393260944444445 0.34299572777777776 0.43998225555555553 0.3247235333333333 0.42822950555555556 0.3317336 0.4273331333333333 0.3445523555555556
0 0.38195792222222225 0.36537738888888893 0.3863584 0.36953272777777774 0.3913425944444444 0.36988125555555557 0.3964653444444444 0.36235008333333335 0.39675526666666666 0.3424141388888889 0.39538627777777774 0.3423184111111111 0.38195792222222225 0.36537738888888893
0 0.4253667722222222 0.37782958333333333 0.43622108333333337 0.37388868333333336 0.4265707944444444 0.36078743888888887 0.41594050000000005 0.36170095555555554 0.4139400388888889 0.37703054444444445 0.4253667722222222 0.37782958333333333
0 0.3518255722222222 0.5139870777777777 0.3432811333333333 0.511204 0.34056047222222224 0.5501112388888889 0.349257 0.5507193611111111 0.3518255722222222 0.5139870777777777
0 0.30173198888888886 0.12414284444444444 0.3045398388888889 0.11432440555555555 0.2936055 0.10660852777777777 0.2924704722222222 0.12284020555555555 0.29488854444444446 0.1236643 0.30173198888888886 0.12414284444444444
0 0.7310603055555556 0.6999383277777778 0.7342296222222221 0.7001599444444444 0.7448962055555556 0.6917591444444444 0.7330600444444444 0.6743629 0.7327982888888889 0.6750839833333333 0.7310603055555556 0.6999383277777778
0 0.8146195333333334 0.5403336 0.8170166333333333 0.54444445 0.8196560333333333 0.5446290111111111 0.8316983055555555 0.5396443833333333 0.8226665444444445 0.5265863833333333 0.8152502111111111 0.5313145 0.8146195333333334 0.5403336