0 0.95166225 0.47392450555555554 0.9391819333333333 0.46610942222222224 0.9229786388888889 0.4619405166666667 0.9054878166666667 0.46780279444444445 0.8890788833333333 0.4749149111111111 0.8836734166666667 0.49147708333333334 0.8839496944444444 0.49542811111111107 0.9550456277777777 0.4904565944444444 0.95166225 0.47392450555555554
0 0.7151735888888889 0.4461936611111111 0.7004547666666666 0.44192095555555555 0.6879371277777777 0.4620158222222222 0.6926797277777778 0.4729508222222222 0.7129799611111111 0.4788214666666667 0.721937311111111 0.5011879944444444 0.7225790722222223 0.5011431222222222 0.7364973611111111 0.49514514444444446 0.7151735888888889 0.4461936611111111
0 0.6194444444444445 0.42777777777777776 0.005555555555555556 0.005555555555555556
0 0.5916666666666667 0.4222222222222222 0.005555555555555556 0.011111111111111112
0 0.6222222222222222 0.44166666666666665 0.005555555555555556 0.011111111111111112
0 0.6361111111111111 0.48333333333333334 0.005555555555555556 0.005555555555555556
0 0.4444444444444444 0.4861111111111111 0.011111111111111112 0.011111111111111112
0 0.4388888888888889 0.39444444444444443 0.005555555555555556 0.011111111111111112
0 0.2972222222222222 0.37222222222222223 0.011111111111111112 0.005555555555555556
0 0.3388888888888889 0.36944444444444446 0.005555555555555556 0.011111111111111112
0 0.3861111111111111 0.3861111111111111 0.011111111111111112 0.011111111111111112
0 0.3972222222222222 0.4888888888888889 0.016666666666666666 0.005555555555555556
0 0.18611111111111112 0.44722222222222224 0.005555555555555556 0.005555555555555556
0 0.19166666666666668 0.475 0.011111111111111112 0.005555555555555556
0 0.16111111111111112 0.5444444444444444 0.005555555555555556 0.022222222222222223
0 0.12222222222222222 0.5222222222222223 0.011111111111111112 0.016666666666666666
0 0.08888888888888889 0.5333333333333333 0.011111111111111112 0.011111111111111112
0 0.05 0.55 0.005555555555555556 0.016666666666666666
0 0.025 0.6194444444444445 0.011111111111111112 0.016666666666666666
0 0.019444444444444445 0.6305555555555555 0.011111111111111112 0.005555555555555556
0 0.07222222222222222 0.7 0.005555555555555556 0.016666666666666666
0 0.14722222222222223 0.5361111111111111 0.022222222222222223 0.022222222222222223
0 0.19166666666666668 0.3888888888888889 0.022222222222222223 0.011111111111111112
0 0.18888888888888888 0.37222222222222223 0.022222222222222223 0.011111111111111112
0 0.16944444444444445 0.3111111111111111 0.011111111111111112 0.011111111111111112
0 0.6694444444444444 0.475 0.005555555555555556 0.005555555555555556
0 0.6444444444444445 0.44166666666666665 0.005555555555555556 0.005555555555555556
0 0.6916666666666667 0.43333333333333335 0.011111111111111112 0.005555555555555556
0 0.875 0.49444444444444446 0.016666666666666666 0.011111111111111112