0 0.3691246444444444 0.6801833666666667 0.37030587777777774 0.6749035222222223 0.36873953888888883 0.6570002277777778 0.3683623555555555 0.656513 0.3644738777777778 0.6568532 0.3475503555555556 0.6840064611111111 0.3589693722222222 0.6950085722222222 0.3691246444444444 0.6801833666666667
0 0.4075173388888889 0.6329746111111111 0.4140721722222222 0.65098345 0.4336982555555556 0.6419661944444445 0.43920623888888893 0.6337811888888889 0.4390094833333334 0.6315322833333333 0.41537758333333336 0.5966319333333333 0.4113049777777778 0.5969882388888889 0.39618709444444444 0.6172958444444444 0.4075173388888889 0.6329746111111111
0 0.3575504166666667 0.7203365277777778 0.3563473277777777 0.7065851055555556 0.3550404111111111 0.7007531222222222 0.3475281444444444 0.6917964166666667 0.3456895277777778 0.6919572777777778 0.31680098888888886 0.7246719111111111 0.3308832277777778 0.7433495 0.3575504166666667 0.7203365277777778
0 0.29367617777777777 0.78305235 0.3266187611111111 0.7492431555555555 0.3255260222222222 0.7367531111111111 0.3190802333333333 0.72774595 0.31309719444444445 0.7282694000000001 0.29940161111111113 0.7460504666666666 0.28290228333333334 0.7680413666666667 0.29367617777777777 0.78305235
0 0.16269008333333332 0.9403429555555556 0.16437838333333332 0.9345984277777778 0.16357229444444446 0.9253847666666666 0.15097249444444444 0.9264871055555555 0.1478744888888889 0.9303570333333334 0.15428963333333334 0.9410779 0.16269008333333332 0.9403429555555556
0 0.1313342 0.9393587888888889 0.12594297777777777 0.9398304611111112 0.11954342777777778 0.9423196833333334 0.12040442222222224 0.9521609 0.13240608888888888 0.9516104888888889 0.1313342 0.9393587888888889
0 0.1024997111111111 0.9637795166666666 0.09266571666666668 0.9765856555555555 0.09366972777777778 0.9937528166666667 0.10041488333333333 0.9911717333333333 0.10583475 0.97344255 0.11667092222222221 0.9629852888888889 0.11569935555555555 0.9518802166666667 0.11476706111111111 0.9519617833333333 0.1024997111111111 0.9637795166666666
0 0.12310462777777778 1 0.14501646666666668 0.9682621055555556 0.14385562777777777 0.9549936388888889 0.1410885888888889 0.9552357222222222 0.13142336666666668 0.9733876444444445 0.11701810555555554 0.9965485277777778 0.10207659444444445 0.9965060277777777 0.10126117222222222 1 0.12310462777777778 1
0 0.18401161666666666 0.9028976055555555 0.19392065555555554 0.9080232388888889 0.19384731666666666 0.8901109944444444 0.21453906666666667 0.8705091277777778 0.21407529444444443 0.8652081999999999 0.21068175555555557 0.8543419 0.21041571666666667 0.8543651777777778 0.17940188888888892 0.8900475 0.18401161666666666 0.9028976055555555
0 0.26804523888888887 0.8184788833333333 0.28615843333333335 0.7967223388888889 0.2847774888888889 0.7809380444444445 0.2735427555555556 0.7819209555555555 0.25715835 0.8021763555555554 0.26452431666666665 0.8180738500000001 0.26804523888888887 0.8184788833333333
0 0.7289024722222223 0.248508 0.7300256166666667 0.2556543111111111 0.7418567277777778 0.25998407777777777 0.7458343277777778 0.26560897222222224 0.7570722833333333 0.2512070611111111 0.7563151055555556 0.24255251666666666 0.7516086555555556 0.24054858333333332 0.7469781555555555 0.2330140277777778 0.7469327111111111 0.23301800555555555 0.7289024722222223 0.248508
0 0.8568037611111112 0.11628603333333333 0.8568956111111111 0.11733588888888889 0.8627999166666668 0.1262017888888889 0.8707725777777778 0.1148858111111111 0.8854572111111111 0.10630087222222222 0.8944236944444444 0.10008392777777778 0.8942557722222222 0.09816453333333335 0.8852224333333333 0.08707657777777777 0.8831246333333334 0.08726011111111111 0.8799482888888889 0.08886417777777778 0.8662187666666666 0.10267478333333332 0.8568037611111112 0.11628603333333333
0 0.901768911111111 0.06679878888888889 0.9060433444444445 0.06443385 0.9121878444444445 0.049295900000000004 0.91747075 0.04479868333333333 0.917022938888889 0.03968017777777778 0.9063749444444444 0.04061175555555555 0.9033840444444444 0.04542054444444445 0.896366811111111 0.058550988888888884 0.8967489722222223 0.06291911111111112 0.901768911111111 0.06679878888888889
0 0.9203161666666667 0.039759194444444444 0.9253972944444445 0.04661485 0.9302565722222221 0.06800864444444445 0.9347354 0.07367133888888888 0.9414627499999999 0.06405708333333333 0.9397225888888889 0.04416697222222222 0.9307839944444445 0.0341978 0.9280128 0.033141911111111116 0.9198000944444444 0.03386043333333333 0.9203161666666667 0.039759194444444444
0 0.7914452388888888 0.19789176666666666 0.7909042 0.19682985 0.7816307055555555 0.19896848333333333 0.77093345 0.21841236111111112 0.770947438888889 0.21857224444444445 0.7782939222222223 0.22912484444444445 0.7924124944444445 0.20894755 0.7914452388888888 0.19789176666666666
0 0.8528227222222223 0.1345254 0.8461047666666667 0.13511314444444444 0.8132322555555557 0.17032004444444443 0.8208955277777777 0.17823312777777778 0.8535341833333334 0.14265745555555556 0.8528227222222223 0.1345254
0 0.6536134722222222 0.3463701722222222 0.661338188888889 0.3549855055555555 0.6698549277777778 0.3379366166666667 0.6690781333333333 0.3290578277777778 0.6564635 0.3301614666666666 0.6376186055555556 0.3519308888888889 0.6377084555555556 0.3529578611111111 0.6454924 0.36168106666666666 0.6536134722222222 0.3463701722222222
0 0.6281707277777777 0.36609742222222225 0.6325958833333334 0.38045992777777776 0.6395627555555555 0.3741526055555556 0.6389566444444444 0.3672247277777778 0.6375069611111112 0.36528061111111115 0.6281707277777777 0.36609742222222225
0 0.72179625 0.2976148833333333 0.72699255 0.28985123333333335 0.7267402833333334 0.2869678333333333 0.7231555444444445 0.28528922777777777 0.7134585888888889 0.2861376 0.7111066722222222 0.28925894444444444 0.712283538888889 0.30840195000000004 0.72179625 0.2976148833333333