0 0.48368451111111105 0.56733795 0.4778706166666667 0.5796615333333334 0.46947977222222226 0.5918500611111112 0.4870163222222222 0.63524605 0.4951671611111111 0.6276370388888889 0.5165075055555556 0.6096252333333333 0.5169607388888888 0.6009769722222222 0.5087939388888889 0.5812821555555555 0.48368451111111105 0.56733795
0 0.5063681888888889 0.4669546666666667 0.4898120555555555 0.48209392777777776 0.48908151666666666 0.4960334444444444 0.48878618333333335 0.51002285 0.533616461111111 0.5914255 0.5455138111111111 0.5945056166666667 0.5508807 0.5906563 0.5513336555555556 0.5820133944444444 0.5325721722222222 0.5456103166666667 0.5281193222222222 0.5155282888888889 0.5234864666666666 0.48888091666666667 0.50963775 0.4671260166666667 0.5063681888888889 0.4669546666666667
0 0.6155498166666666 0.52436575 0.5734037611111111 0.43152559444444444 0.5601972944444444 0.43083347222222224 0.5533560722222223 0.43727164999999996 0.5533444555555556 0.43749325 0.5978207277777778 0.5407038722222222 0.6153749611111111 0.52770225 0.6155498166666666 0.52436575
0 0.6138266777777778 0.45109344444444444 0.5982152944444444 0.42169955 0.5754270833333334 0.4205052722222222 0.5918473222222222 0.45813694444444447 0.6062396055555556 0.4793522333333333 0.6129961611111111 0.4669406944444444 0.6138266777777778 0.45109344444444444
0 0.7411020111111111 0.37938302777777777 0.7462000444444445 0.3667503277777777 0.7472778611111112 0.34618445 0.7340064722222222 0.3286788277777778 0.7228465222222221 0.3280939611111111 0.7071248111111111 0.3374214722222222 0.7041553611111111 0.3612112555555556 0.7411020111111111 0.37938302777777777
0 0.7772503611111111 0.3000720277777778 0.8008370777777778 0.2795798111111111 0.8022069444444445 0.2534412111111111 0.8017249277777777 0.24395342222222224 0.7825463055555556 0.26476079444444445 0.7744057888888889 0.2721729111111111 0.7772503611111111 0.3000720277777778
0 0.8132416833333332 0.2539160166666667 0.8219423722222222 0.2609660166666667 0.8224385055555555 0.26099202222222223 0.8243284 0.2559457888888889 0.825492961111111 0.23372466666666666 0.8206086499999999 0.22751704444444446 0.8171170611111112 0.22733405555555555 0.8054428944444445 0.2383722388888889 0.8132416833333332 0.2539160166666667
0 0.8420411777777778 0.3038996944444445 0.8477964722222222 0.30682641111111114 0.8530702777777778 0.3071028 0.8552546944444444 0.30274769444444444 0.8559180111111112 0.29009087222222224 0.8500971722222223 0.2791310888888889 0.8378467888888889 0.27848907222222224 0.8306154444444445 0.29182064444444444 0.8420411777777778 0.3038996944444445
0 0.8751576944444444 0.2277093 0.8574015222222223 0.21831891666666664 0.8552934 0.21820843333333334 0.8439455333333334 0.2315999388888889 0.8511441611111111 0.2585955166666667 0.8738976833333333 0.25175179444444445 0.8751576944444444 0.2277093
0 0.8937935166666667 0.20429395 0.8853171333333333 0.19782965555555557 0.8799303277777778 0.21843925555555554 0.8919750333333334 0.23514284444444447 0.8922324611111111 0.23408068333333334 0.8937935166666667 0.20429395
0 0.6438653166666667 0.4074024277777778 0.6375616277777778 0.4070720666666666 0.6344258055555556 0.41739367777777775 0.6430945888888888 0.43277231666666666 0.6409755944444444 0.4567697944444445 0.6529603 0.4746182666666666 0.6716778944444445 0.47904328888888886 0.67386585 0.4731474888888889 0.6744814277777778 0.4614015722222222 0.6570782888888889 0.4289130722222222 0.6493884888888889 0.4112896888888889 0.6438653166666667 0.4074024277777778