0 0.6528902833333333 0.49410021111111113 0.6167763055555555 0.4746194 0.6002742444444444 0.4737545611111111 0.5957455333333334 0.4776469111111111 0.5945308777777778 0.5008238333333334 0.5958476666666667 0.5055951000000001 0.6190253166666666 0.5229273888888889 0.6224583555555555 0.5231073111111111 0.6394205666666667 0.5161554444444444 0.6497226666666667 0.5037628777777777 0.6528902833333333 0.49410021111111113
0 0.6012737611111111 0.5460928055555556 0.6021971333333334 0.5394163111111111 0.5575963777777778 0.5112139388888889 0.5595393166666667 0.5004524944444445 0.5233829888888889 0.47993485555555554 0.5069079666666666 0.47855414444444444 0.5011170944444444 0.4786846166666666 0.5002834166666668 0.49459206666666666 0.5115011055555556 0.5093154888888889 0.5362117944444444 0.5245775888888888 0.5664231777777777 0.5401279722222222 0.5842920444444444 0.5489229944444445 0.5982978833333333 0.5496570111111111 0.6012737611111111 0.5460928055555556
0 0.5376422333333334 0.4574673055555556 0.5350004055555555 0.4573288555555555 0.5243139 0.46067033333333335 0.5242296611111111 0.4622776666666667 0.5533415555555555 0.4805427944444445 0.5616984944444444 0.4809807611111111 0.5672645055555556 0.4790849833333333 0.5376422333333334 0.4574673055555556
0 0.4091168 0.6178338222222222 0.4046856833333333 0.6202768111111111 0.40437160000000005 0.6262698611111112 0.4513373222222222 0.6587819111111111 0.4608761333333334 0.6592818166666666 0.4730315611111111 0.648083 0.4377250333333333 0.6245061055555555 0.42666959444444447 0.6249613222222222 0.4091168 0.6178338222222222
0 0.48055058333333334 0.5926353888888889 0.4930082333333334 0.5917363722222222 0.5105339888888889 0.5993797444444445 0.5156874722222222 0.6009593777777777 0.5315012666666666 0.6017881444444444 0.5362179888888889 0.5960700888888889 0.5283184333333334 0.5889312111111111 0.5241271666666667 0.5768136833333334 0.49955165555555553 0.5589721722222223 0.4800172111111111 0.5501889277777778 0.46238330555555557 0.5446090888888888 0.4448305111111111 0.5374816 0.43748070555555557 0.5427866944444445 0.42894661111111115 0.5511335277777778 0.4282319944444445 0.5516133777777777 0.41957542222222227 0.5589191833333333 0.41901842222222224 0.5590954777777778 0.4182682555555556 0.5734094777777778 0.4315040277777778 0.5812708888888889 0.4493929333333333 0.5951408777777778 0.4578389055555555 0.5979276666666666 0.4659872222222222 0.5983547 0.47012865555555555 0.5941583944444444 0.48055058333333334 0.5926353888888889
0 0.3596982388888889 0.6294740166666667 0.35806845 0.6605723333333333 0.35854315000000003 0.6632877333333334 0.36949044999999997 0.6648960611111111 0.38180123888888884 0.6536433666666667 0.3898243 0.6452697555555555 0.36860560555555555 0.6291560611111111 0.3596982388888889 0.6294740166666667
0 0.35197259444444445 0.7123232500000001 0.3482526222222222 0.7043688166666667 0.3447219 0.6928032000000001 0.3431728333333333 0.6828933388888889 0.3363780888888889 0.6809853444444444 0.3313999833333333 0.6807244555555555 0.3183927166666667 0.6821119722222222 0.3120962944444444 0.6838511777777777 0.30706690555555555 0.6877259944444444 0.3065396722222222 0.6884338444444444 0.3061839722222222 0.6952210166666666 0.3091683777777778 0.7002512999999999 0.31833496111111115 0.7095257777777778 0.3290659777777778 0.7152611555555555 0.33786774444444445 0.7195933777777778 0.3533283 0.7204036277777778 0.35197259444444445 0.7123232500000001
0 0.27168504444444447 0.7034509999999999 0.26653702777777777 0.7086672277777778 0.26576733333333336 0.7233538833333333 0.27520334444444444 0.7274356333333333 0.2886819944444444 0.7281420222222222 0.29673184999999996 0.7254556 0.2968012722222222 0.7109748722222222 0.2854908277777778 0.7031399333333334 0.27168504444444447 0.7034509999999999
0 0.21945177777777777 0.7578928944444444 0.24544031111111111 0.7592549000000001 0.2552184722222222 0.7526891555555556 0.2653042888888889 0.7444236500000001 0.26020915 0.7363971388888889 0.2405124888888889 0.7307091944444445 0.22009021666666667 0.745710788888889 0.21945177777777777 0.7578928944444444
0 0.1965112777777778 0.7665428888888889 0.19092353888888888 0.7714852055555556 0.19065795555555556 0.7765528500000001 0.1937028611111111 0.7787961722222222 0.21825721666666667 0.7800830111111111 0.22284047777777777 0.7772341277777778 0.21719292777777777 0.7665921722222222 0.20307806111111112 0.75964485 0.1965112777777778 0.7665428888888889
0 0.2352092388888889 0.7977214888888888 0.23392635 0.8001570444444445 0.23355828333333334 0.8071801611111111 0.23553939444444447 0.8088046277777778 0.26042601111111113 0.8101088833333334 0.26085085 0.8083766888888888 0.25523033333333334 0.7972188555555555 0.24433710555555557 0.7945787722222223 0.2352092388888889 0.7977214888888888
0 0.20846760000000003 0.7990971777777778 0.19471588888888888 0.7983764777777778 0.18292987777777775 0.7967242055555556 0.16930225555555556 0.7965273111111112 0.16231825 0.7982304888888889 0.1616322 0.7996382833333333 0.16100958333333334 0.8115185500000001 0.1622758611111111 0.8121953333333333 0.17770014444444443 0.8073133944444444 0.17775312222222223 0.816902538888889 0.20323975 0.8182382388888889 0.20771058888888888 0.8135418666666666 0.20846760000000003 0.7990971777777778
0 0.18114587222222223 0.84136375 0.1799599611111111 0.8376805055555555 0.17747997222222223 0.8323775499999999 0.16446991666666666 0.8306611222222222 0.15473557222222223 0.8322201611111112 0.1486387222222222 0.8352649777777779 0.14818319444444444 0.8439570000000001 0.14916545555555555 0.8464126111111112 0.1694415611111111 0.8542001222222222 0.18358346666666667 0.8606315555555556 0.1900150611111111 0.8563129333333332 0.1950174111111111 0.852954 0.18114587222222223 0.84136375
0 0.8302378 0.24933951111111113 0.8393205166666667 0.2563135888888889 0.8542213944444444 0.2570945111111111 0.860711561111111 0.25440325 0.8436186888888888 0.23747118888888888 0.8303171277777779 0.24782594444444442 0.8302378 0.24933951111111113