0 0.5635575222222222 0.5312757 0.5786443666666666 0.5308319444444445 0.5892055055555555 0.5197027444444444 0.5999198111111111 0.5106975166666666 0.6054727 0.5056679111111111 0.6055491611111111 0.5012876 0.5795106388888889 0.48471865555555554 0.5580444222222223 0.48434396111111105 0.5445248944444445 0.48781059444444447 0.5405095 0.5018824333333333 0.5477259388888889 0.5203929111111112 0.5635575222222222 0.5312757
0 0.4705044555555556 0.5534897444444444 0.49129358333333334 0.5503171388888889 0.4991557555555555 0.5405550222222222 0.50763105 0.5322178 0.5218621055555556 0.5268094277777778 0.5274265944444444 0.5203617833333334 0.5275578166666667 0.5128440888888889 0.5072811500000001 0.49827105555555556 0.4862008166666667 0.4886463333333333 0.47386326111111116 0.4884309777777778 0.4286256444444444 0.5230606888888889 0.4453993722222222 0.5339599277777778 0.4705044555555556 0.5534897444444444
0 0.5323616055555556 0.5559610611111111 0.5326776333333333 0.5378559333333334 0.5321231222222222 0.5359733055555556 0.5132306388888889 0.5384719222222223 0.49045848333333336 0.5472666888888889 0.4721133277777778 0.5724019555555556 0.49627624444444446 0.5919153333333333 0.5323616055555556 0.5559610611111111
0 0.5390971055555556 0.4905509888888889 0.5646833888888889 0.4825124333333333 0.58455505 0.47790961666666665 0.6042786333333333 0.48178937777777775 0.6211140666666667 0.48915420555555555 0.6371924166666667 0.48589937222222224 0.6441946888888889 0.4626874111111111 0.6287579444444444 0.42918442222222225 0.6007953888888888 0.40730056111111107 0.5813055833333334 0.4069603611111111 0.5114246666666666 0.45612732222222224 0.49223605555555555 0.4755910888888889 0.5060969555555556 0.49138916111111114 0.5275567944444445 0.5037843888888889 0.53235395 0.49891844444444444 0.5390971055555556 0.4905509888888889
0 0.4049138722222222 0.6837464777777778 0.4191079111111111 0.68045875 0.4248125722222222 0.6692462777777778 0.42495697777777774 0.6609732944444444 0.41419763888888894 0.6540815666666667 0.40170497777777775 0.6538635055555555 0.3987876444444444 0.6567698722222222 0.3919087611111111 0.6729130222222222 0.3888972111111111 0.6834669055555556 0.4049138722222222 0.6837464777777778
0 0.3530489666666667 0.6073413833333333 0.36625149444444444 0.6068647388888889 0.37842549444444445 0.6113198166666667 0.38146618888888895 0.6059503777777777 0.38164316111111113 0.5958118166666667 0.37970079444444443 0.5922504666666667 0.36890750555555557 0.5866142000000001 0.3482519888888889 0.5862536555555556 0.34285567222222224 0.58966305 0.3426772111111111 0.5998871055555556 0.3530489666666667 0.6073413833333333
0 0.4005255166666667 0.5530712388888889 0.4396148777777778 0.5813303166666667 0.4485677388888889 0.5824482722222222 0.4531157722222222 0.5825276611111111 0.45982052222222225 0.5735984666666667 0.45985617777777776 0.57155575 0.4475839777777778 0.5567210333333333 0.42044263333333337 0.5375061333333333 0.4048806222222222 0.5372345 0.4005255166666667 0.5530712388888889
0 0.7717726777777778 0.31385465555555553 0.7801857611111112 0.3219295222222222 0.7835422444444444 0.33142622777777775 0.7889937722222222 0.3405819722222222 0.8031206888888889 0.3340331111111111 0.8254608944444445 0.3172685388888889 0.8259544999999999 0.28898988333333336 0.7992591944444445 0.28852391666666666 0.7952346222222223 0.2957654722222222 0.7887512555555555 0.2883405 0.7700255333333332 0.28801364444444444 0.7665490222222222 0.2960198111111111 0.7612882055555557 0.30914135 0.7717726777777778 0.31385465555555553
0 0.7693519944444445 0.2556592 0.7676848166666667 0.26469068888888886 0.7590016388888888 0.2720896166666667 0.75187365 0.27687301666666664 0.7569012277777778 0.2807360222222222 0.7820749055555556 0.2762676111111111 0.7992041111111111 0.27505650000000004 0.8040419888888888 0.27105256666666666 0.8042002388888889 0.2619865888888889 0.8034984055555556 0.2596529444444444 0.7954895333333334 0.25724800555555555 0.7932701888888889 0.24396816666666668 0.7764759222222223 0.2436750222222222 0.7705095611111111 0.24699633333333332 0.7693519944444445 0.2556592
0 0.8488423722222223 0.25104871111111116 0.8424052611111111 0.25065195 0.8372893722222222 0.2554704722222222 0.8382172277777777 0.26530231666666665 0.8466887444444444 0.2646951388888889 0.848626738888889 0.26340240000000004 0.8488423722222223 0.25104871111111116
0 0.8322845944444445 0.24466506111111108 0.8323018166666666 0.24367837777777776 0.8250951944444445 0.24032123333333333 0.8144328555555556 0.24579798888888887 0.8117859777777778 0.2533022833333333 0.8228525333333334 0.25349545 0.8289217666666666 0.25171376111111116 0.8322845944444445 0.24466506111111108
0 0.8783760333333334 0.23046762222222222 0.8801995333333333 0.22881631666666666 0.8620386 0.22849931666666667 0.8582286833333334 0.23162604444444443 0.8615456388888889 0.24338720555555554 0.8680513555555556 0.25142878333333335 0.8745320611111111 0.24889923333333333 0.8701497611111111 0.24051719444444444 0.8783760333333334 0.23046762222222222
0 0.7127853000000001 0.33612019444444446 0.7239901944444443 0.32838775555555555 0.7301318944444445 0.32245457222222224 0.7309546833333334 0.3199828777777778 0.7310357722222223 0.3153375388888889 0.7213014277777778 0.3094645944444444 0.7130488055555555 0.3210238111111111 0.7000228611111111 0.31777624444444447 0.6898371944444445 0.3247714222222222 0.6987006 0.3358743444444445 0.7127853000000001 0.33612019444444446