0 0.36340123888888887 0.3350316222222222 0.36386446111111115 0.34387039444444445 0.37568918333333334 0.35630900000000004 0.37924870555555557 0.35612245555555555 0.4046828444444444 0.34078221666666664 0.39186485555555556 0.32779439444444447 0.36880033333333334 0.32983100555555556 0.36340123888888887 0.3350316222222222
0 0.3478043333333333 0.2927258888888889 0.33365303333333335 0.29816102777777775 0.33382774444444446 0.30149465 0.35854001111111106 0.32939185555555556 0.3616949777777778 0.3292265111111111 0.36796009444444444 0.3194026833333333 0.3818319666666667 0.31205285555555556 0.3588080444444444 0.29214920555555557 0.3478043333333333 0.2927258888888889
0 0.2921315888888889 0.24016078888888892 0.28642625 0.24623462222222223 0.2869135555555556 0.25553295 0.31594377777777777 0.2926819722222222 0.33643954444444446 0.29160783333333334 0.3448161388888889 0.28748488333333333 0.3336703388888889 0.27482334444444445 0.3023378 0.24542088333333334 0.2921315888888889 0.24016078888888892
0 0.27429522777777776 0.24349632777777777 0.3045987 0.24273604444444444 0.2776179388888889 0.21393337777777777 0.2630612277777778 0.2250105777777778 0.26327138333333333 0.22902058333333336 0.27429522777777776 0.24349632777777777
0 0.1282362111111111 0.09388727777777778 0.13169855 0.09650020555555555 0.13814769444444444 0.09616221666666666 0.14242670555555556 0.09010159444444445 0.1281614722222222 0.08298458888888889 0.12768593888888888 0.08338739444444444 0.1282362111111111 0.09388727777777778
0 0.09940095 0.05589778333333333 0.09291459444444446 0.05682138888888889 0.0932642888888889 0.06349395555555556 0.09452813333333333 0.06608740555555556 0.10102777222222223 0.07585487222222222 0.10568051666666667 0.07561103333333333 0.11093781666666667 0.07391987777777778 0.10722566666666666 0.06624981666666667 0.09940095 0.05589778333333333
0 0.11049188888888889 0.07376079444444444 0.11086616666666667 0.08090244444444444 0.1247144 0.08017668888888889 0.11427669444444444 0.07237065555555557 0.11049188888888889 0.07376079444444444
0 0.17571650555555557 0.10818405555555556 0.1639030111111111 0.10383605 0.15591917777777778 0.09887341111111111 0.14489383333333333 0.0990373 0.13993572222222223 0.10482363888888889 0.13996103333333335 0.10530654444444444 0.14888722222222223 0.11207368333333333 0.15686981666666666 0.11743375 0.18224437777777777 0.11610392777777778 0.1843587 0.11518182777777777 0.17833763888888887 0.10556312222222222 0.17571650555555557 0.10818405555555556
0 0.19547357777777777 0.12411136666666667 0.18897951666666665 0.1265213388888889 0.19667276666666667 0.13646632777777779 0.18616015555555557 0.13762407222222223 0.1864303222222222 0.14277910555555556 0.2135397 0.17407758888888888 0.22397159444444445 0.17311694444444445 0.21997820555555556 0.16008056666666667 0.20445255555555555 0.14806248888888887 0.21664316666666666 0.14907932222222223 0.19547357777777777 0.12411136666666667
0 0.9965840777777777 0.9459678833333333 0.9982656111111112 0.9359455 0.9895152555555555 0.9268837666666667 0.9734610555555556 0.9153073222222221 0.9569864666666666 0.9062364722222223 0.9540747666666667 0.91383975 0.9655111388888888 0.9215189388888889 0.9781127944444444 0.9303788333333333 0.9812314999999999 0.9372521500000001 0.97717615 0.9440875166666667 0.9657953222222222 0.9479953722222222 0.9539169166666668 0.9424089888888889 0.9506035222222222 0.9318205333333334 0.9464709944444445 0.9266560611111111 0.93963325 0.9273177222222222 0.9399120444444444 0.9326374 0.9426319777777777 0.9376193555555555 0.9510701166666666 0.9512506555555557 0.9645147166666667 0.95965245 0.9771296722222222 0.9589913277777777 0.9920434444444445 0.9540704555555556 0.9965840777777777 0.9459678833333333
0 0.9039716111111111 0.8837638444444444 0.9043347944444444 0.8906938055555556 0.9158616222222223 0.8996164777777779 0.9248346277777778 0.9116633777777778 0.93169605 0.9113037833333334 0.9423570666666666 0.8998836166666666 0.9123122333333333 0.8749668666666667 0.9039716111111111 0.8837638444444444