0 0.7027339722222222 0.2069931777777778 0.6931156833333334 0.19684011111111113 0.7027833 0.18712956111111112 0.7052605166666667 0.1719828611111111 0.69869375 0.16457635555555555 0.6903573722222222 0.16501325 0.6865786055555555 0.16199422777777778 0.6803696944444444 0.1623196222222222 0.6782698722222222 0.16322465555555557 0.6551422055555556 0.19350165 0.6524318555555556 0.20420015000000002 0.6583042944444444 0.21222813333333335 0.6667926 0.21468977222222224 0.6778433722222222 0.21750153333333333 0.6851017111111111 0.23116918333333333 0.6952503666666666 0.23063731666666665 0.70501925 0.22285912222222223 0.7027339722222222 0.2069931777777778
0 0.7467813833333333 0.21973507222222222 0.7459446444444444 0.20376917777777778 0.7386233666666666 0.19557927777777778 0.7254643944444445 0.18777220555555554 0.7223438333333334 0.18793574999999998 0.7173986166666667 0.1928163 0.7161686666666667 0.20402230555555556 0.7142897611111111 0.21671558333333335 0.7102108277777778 0.2290397388888889 0.7123522166666667 0.2352249111111111 0.7195172888888889 0.24017797777777777 0.7232337722222222 0.22787281666666667 0.7330532944444444 0.22106080000000003 0.7402516944444445 0.21971471666666664 0.7467813833333333 0.21973507222222222
0 0.7393932000000001 0.15210777222222222 0.7335260277777778 0.14418019999999998 0.7307073944444444 0.14299199444444444 0.7246822444444444 0.14330776111111113 0.7229309611111112 0.15006403333333335 0.72320145 0.1621602388888889 0.728722188888889 0.15654234444444445 0.7343615055555556 0.16012212222222222 0.7347412722222223 0.16736845 0.7360737999999999 0.17892458333333336 0.7421515166666667 0.18393463333333335 0.7444616722222221 0.17547230555555554 0.7435226166666666 0.15755406111111112 0.7393932000000001 0.15210777222222222
0 0.7505403944444444 0.11912622777777777 0.7398335722222222 0.11594256111111112 0.7388141611111111 0.12423105 0.7429703555555556 0.13418595555555557 0.7520316444444445 0.13371107222222223 0.7587504888888889 0.12966382777777777 0.757916488888889 0.11375012777777778 0.7566156 0.11381830555555555 0.7505403944444444 0.11912622777777777
0 0.6722908055555555 0.28449529444444444 0.6714518666666667 0.2684874 0.6651726388888889 0.2688164833333333 0.6622016666666666 0.2802134055555555 0.6555682555555555 0.2854052111111111 0.6592860388888889 0.29392983888888885 0.6648020611111112 0.3077781611111111 0.6672379111111111 0.3076505 0.6733528444444444 0.3047601555555556 0.6728159944444445 0.29451641666666667 0.6708338666666667 0.29235581666666666 0.6722908055555555 0.28449529444444444
0 0.5135067944444445 0.43926965 0.5127939111111111 0.4256669777777778 0.4947140333333333 0.40013978888888885 0.4839881944444444 0.40070191111111114 0.47667488333333335 0.40685601111111114 0.4771306 0.4155516055555556 0.4733381666666666 0.4264074944444444 0.4678174277777778 0.4320253944444445 0.4882346166666667 0.4609891333333333 0.49109959999999997 0.44630652222222217 0.5050339833333333 0.46253078888888893 0.5115914444444445 0.4558897277777778 0.5126441722222222 0.44130209444444446 0.5135067944444445 0.43926965
0 0.4858633111111111 0.4951776944444444 0.4696156944444444 0.4960291944444445 0.4614618555555556 0.5030834611111111 0.45718038333333333 0.5115429 0.45313477222222226 0.5175679055555555 0.45379302777777775 0.5301282166666667 0.47857574444444445 0.5661063444444444 0.4876129222222222 0.5651713611111111 0.5074074166666667 0.5351901166666667 0.5065309222222223 0.5184656722222222 0.48981705555555555 0.49626885555555555 0.4858633111111111 0.4951776944444444
0 0.5025616388888889 0.4790663611111111 0.49347970555555554 0.4817372 0.4935717722222222 0.48349387777777775 0.5133675999999999 0.5118817555555556 0.5185454444444444 0.5135910111111112 0.5483754222222222 0.46769193333333337 0.5480851111111111 0.46215242222222225 0.5259158666666667 0.4323073777777777 0.5215664388888889 0.43253532222222224 0.5200246666666667 0.4447265 0.5148837 0.4575907277777778 0.5081410111111111 0.4676324 0.5025616388888889 0.4790663611111111
0 0.5582830055555555 0.44443626111111106 0.5229956277777777 0.3936464 0.5195263888888889 0.3898643333333333 0.5107815388888889 0.38944235555555556 0.5024704666666666 0.3903623333333333 0.4988632611111111 0.3978176111111111 0.5226517833333333 0.4217605111111111 0.5519796611111112 0.4681806333333333 0.5574244444444444 0.46111346666666664 0.5588143388888889 0.45457475555555554 0.5582830055555555 0.44443626111111106
0 0.5549189333333333 0.3770130111111111 0.5397885444444445 0.3532721 0.5307912888888889 0.3537436222222222 0.5220864277777777 0.3608103222222222 0.5169787777777778 0.3673754 0.5262266055555556 0.3843296944444444 0.5433644111111111 0.40619906666666666 0.5616678833333333 0.40287175 0.5616310666666666 0.40216931666666667 0.5546417444444445 0.3925288333333334 0.5610491555555556 0.3910657888888889 0.5608427111111112 0.38712656666666667 0.5549189333333333 0.3770130111111111
0 0.5809695388888889 0.4155479111111111 0.5843364333333334 0.41080635555555556 0.5835334722222222 0.3954849611111111 0.5767710333333333 0.3958393666666667 0.5716377555555555 0.4039265833333333 0.5614891055555555 0.40445844999999997 0.5530139277777778 0.4091821222222222 0.5425323388888889 0.4102960888888889 0.5359748833333333 0.41693714444444446 0.5559283444444445 0.4439875277777778 0.5644246444444444 0.43966692777777777 0.57551675 0.4293973111111111 0.5809695388888889 0.4155479111111111
0 0.43244895555555557 0.48592711666666666 0.45043825555555556 0.510173938888889 0.46612305 0.49050005555555554 0.46579156111111114 0.4841748777777778 0.45271964444444446 0.4635504944444444 0.4470518722222222 0.45826945555555554 0.44480617222222224 0.45838715 0.4342599166666667 0.46500234444444444 0.4279809611111111 0.4769573777777778 0.41888633333333336 0.48373141111111106 0.4102887666666667 0.48611965 0.40553556111111116 0.4994479722222222 0.42701478333333337 0.5278716388888889 0.4326114722222222 0.5237030055555556 0.4416554555555555 0.5159627944444445 0.42651513888888887 0.4905978333333333 0.43244895555555557 0.48592711666666666
0 0.45947623888888894 0.5759749333333334 0.43568908333333334 0.54231265 0.42087498888888886 0.5430890222222222 0.4170096888888889 0.5450126777777778 0.45153047222222226 0.6003645444444444 0.4605724611111111 0.5968921333333334 0.45947623888888894 0.5759749333333334
0 0.36073327222222223 0.5953058833333333 0.35130021666666666 0.5817521999999999 0.3712283611111111 0.6083194888888889 0.37561110555555555 0.6017924 0.35933279444444444 0.5755182444444444 0.3788984888888889 0.6021045277777778 0.3823204666666667 0.5980498666666667 0.36516535000000006 0.5689151722222222 0.3655864388888889 0.5630801166666667 0.37569376666666665 0.5756296333333333 0.3794275555555556 0.5705898 0.36808097222222225 0.5551987388888888 0.3867192166666667 0.5779583 0.3871868888888889 0.5765852277777778 0.38663767777777774 0.5661056722222223 0.37167086666666665 0.5404781333333333 0.37129301111111107 0.5401243277777777 0.3647779888888889 0.5404657611111111 0.3637982 0.5428283833333333 0.3655518166666667 0.5485494722222223 0.3576285111111111 0.549933538888889 0.3596353055555555 0.5604855111111111 0.35114701111111113 0.5580238722222223 0.3519904944444444 0.5671835555555556 0.34386465 0.5647029222222222 0.3446828222222222 0.5733795277777778 0.33810805 0.5727552611111111 0.33992961666666666 0.5867078444444445 0.3312134611111111 0.5798984111111112 0.3326725777777778 0.5938699888888889 0.3244707777777778 0.5899400833333334 0.3268906555555556 0.6014392333333334 0.3216608444444444 0.6000952944444444 0.3220417555555556 0.6073636 0.3504699388888889 0.6491294611111111 0.35449023333333335 0.6426213611111111 0.33019535555555557 0.6090166944444445 0.33940855555555555 0.6114403388888889 0.34148199444444444 0.6093940111111111 0.35464884444444444 0.6179078611111112 0.3551538888888889 0.6067398388888889 0.34603266111111114 0.5922009833333333 0.35692352777777775 0.59889645 0.36073327222222223 0.5953058833333333
0 0.411218 0.6287249 0.4095894611111111 0.6271281666666667 0.4006407166666667 0.62759715 0.40568926111111114 0.6411250333333334 0.39887862777777777 0.6429352111111111 0.40543738333333335 0.6571239444444444 0.41327672777777774 0.6610728388888889 0.4138214833333333 0.6601964388888889 0.4132425666666667 0.6491500388888889 0.4118429333333333 0.64758435 0.4131068388888889 0.6465602333333333 0.41225497222222224 0.6303055944444445 0.411218 0.6287249
0 0.43374774444444447 0.6256907944444444 0.4396640944444445 0.6225438666666666 0.4392737111111111 0.6150948888888889 0.43875740555555554 0.6144731833333333 0.41836405000000004 0.61554195 0.42535271111111117 0.6319437444444445 0.43260174999999995 0.6315638388888889 0.43374774444444447 0.6256907944444444
0 0.38150395 0.6804518833333334 0.38144450555555554 0.6793176444444444 0.36976481666666666 0.6574647055555556 0.3690639333333333 0.6570679222222222 0.36278787777777777 0.6573968333333333 0.3697408 0.6778114166666667 0.37703186666666666 0.6851684888888888 0.38150395 0.6804518833333334
0 0.4035144944444445 0.5696791444444445 0.3976082611111111 0.5609979222222222 0.3927732333333333 0.5612513111111112 0.3902881777777778 0.5635800388888889 0.4036495611111111 0.5827408333333334 0.40415286666666667 0.58186005 0.4035144944444445 0.5696791444444445
0 0.40889585 0.5230642166666667 0.40772004999999995 0.5215257277777777 0.40073410555555555 0.5218918444444445 0.4139967888888889 0.5441111611111111 0.41864354444444446 0.5399031888888889 0.4184394888888889 0.5360096722222222 0.40889585 0.5230642166666667