0 0.7277777777777777 0.25555555555555554 0.7528817833333333 0.25555555555555554 0.7755623777777777 0.24751984444444447 0.7920905944444445 0.24503968333333334 0.8046520388888889 0.23710317777777778 0.7728629444444445 0.20833333333333334 0.7277777777777777 0.2553688666666667 0.7277777777777777 0.25555555555555554
0 0.3277777777777778 0.7043292222222222 0.3277777777777778 0.7074879 0.33284569999999997 0.7111111111111111 0.3485539833333333 0.7111111111111111 0.3500437277777778 0.7098214277777778 0.3507048555555556 0.7023809555555556 0.3381434111111111 0.6974206333333334 0.3277777777777778 0.7043292222222222
0 0.35833333333333334 0.7138888888888889 0.005555555555555556 0.016666666666666666
0 0.40555555555555556 0.7305555555555555 0.022222222222222223 0.011111111111111112
0 0.49722222222222223 0.6555555555555556 0.016666666666666666 0.011111111111111112
0 0.5472222222222223 0.5722222222222222 0.016666666666666666 0.022222222222222223
0 0.6055555555555555 0.4861111111111111 0.011111111111111112 0.011111111111111112
0 0.6583333333333333 0.425 0.011111111111111112 0.011111111111111112
0 0.6388888888888888 0.4305555555555556 0.011111111111111112 0.005555555555555556
0 0.6333333333333333 0.44166666666666665 0.011111111111111112 0.005555555555555556
0 0.44166666666666665 0.55 0.016666666666666666 0.011111111111111112
0 0.6166666666666667 0.4638888888888889 0.011111111111111112 0.005555555555555556
0 0.6194444444444445 0.475 0.016666666666666666 0.016666666666666666
0 0.5722222222222222 0.5388888888888889 0.011111111111111112 0.011111111111111112
0 0.675 0.325 0.011111111111111112 0.005555555555555556
0 0.6805555555555556 0.3138888888888889 0.005555555555555556 0.005555555555555556
0 0.9403085333333334 0.07470237777777777 0.9350194999999999 0.06676587222222222 0.9370028833333333 0.058333327777777784 0.9224359888888889 0.0578373 0.8973351611111111 0.08015873333333334 0.88543485 0.10843253888888889 0.8801458166666666 0.12132936111111112 0.8777777777777778 0.12764648888888888 0.8777777777777778 0.14145773333333334 0.8821292055555555 0.14662698333333332 0.8866248833333333 0.15 0.8910752722222223 0.15 0.9184912777777777 0.1158730111111111 0.9403085333333334 0.08313491666666667 0.9403085333333334 0.07470237777777777