0 0.3329314166666667 0.6248028166666667 0.3221733944444444 0.6238616111111112 0.3057736222222222 0.6340616944444445 0.29524594444444446 0.64060955 0.30106105555555557 0.6440228722222222 0.31735226666666666 0.6471079222222222 0.33243887777777775 0.6304325277777778 0.3329314166666667 0.6248028166666667
0 0.3618234 0.5901769222222223 0.3553008833333333 0.5825523166666666 0.3230785722222222 0.6162478388888889 0.32597459444444443 0.6206505944444445 0.33928251666666664 0.6139310499999999 0.34655315555555555 0.6066833111111111 0.3537686222222222 0.6127087888888889 0.3660593555555555 0.6112944555555555 0.37464383333333334 0.6016720333333333 0.38378561111111115 0.5983224444444445 0.3943661944444445 0.60381245 0.40197805555555555 0.6005103111111112 0.4025819222222223 0.5936080777777778 0.4024738888888889 0.5933184388888889 0.3857782111111111 0.5848120944444445 0.37564729444444445 0.5839257555555555 0.37832475 0.5912056611111111 0.36881426666666667 0.5924482999999999 0.3618234 0.5901769222222223
0 0.325 0.6527777777777778 0.011111111111111112 0.011111111111111112
0 0.29444444444444445 0.6722222222222223 0.011111111111111112 0.011111111111111112
0 0.2861111111111111 0.6833333333333333 0.005555555555555556 0.011111111111111112
0 0.26666666666666666 0.6861111111111111 0.011111111111111112 0.011111111111111112
0 0.1527777777777778 0.7944444444444444 0.011111111111111112 0.011111111111111112
0 0.016666666666666666 0.8944444444444445 0.016666666666666666 0.005555555555555556
0 0.08055555555555556 0.8583333333333333 0.016666666666666666 0.011111111111111112
0 0.06111111111111111 0.8722222222222222 0.011111111111111112 0.011111111111111112
0 0.058333333333333334 0.9 0.011111111111111112 0.016666666666666666
0 0.030555555555555555 0.925 0.016666666666666666 0.005555555555555556
0 0.041666666666666664 0.9194444444444444 0.011111111111111112 0.005555555555555556
0 0.20833333333333334 0.7472222222222222 0.016666666666666666 0.011111111111111112
0 0.2 0.7555555555555555 0.011111111111111112 0.005555555555555556
0 0.14444444444444443 0.8055555555555556 0.011111111111111112 0.011111111111111112
0 0.06388888888888888 0.8861111111111111 0.011111111111111112 0.011111111111111112
0 0.6347802555555556 0.3582478055555556 0.6436422611111111 0.3644173333333333 0.6540215444444445 0.3665702166666667 0.6627926333333333 0.36032865 0.6633077333333334 0.35444105555555555 0.6585882666666667 0.35161702222222224 0.6547079166666667 0.3462318833333333 0.6488837111111111 0.34572233333333335 0.6434367944444445 0.34780180555555557 0.6348798888888889 0.3507876277777778 0.6347802555555556 0.3582478055555556
0 0.6835990611111111 0.3290582388888889 0.6879981722222221 0.3271994222222222 0.6889980111111111 0.3157712166666667 0.6808950777777778 0.3150623 0.679191411111111 0.31622445555555556 0.6686913277777778 0.3161357 0.6657754222222222 0.3241793611111111 0.6683359444444444 0.32689301111111113 0.6753663944444445 0.3283379722222222 0.6835990611111111 0.3290582388888889
0 0.6666666666666666 0.33611111111111114 0.011111111111111112 0.011111111111111112
0 0.7055555555555556 0.2972222222222222 0.016666666666666666 0.005555555555555556
0 0.7194444444444444 0.28055555555555556 0.011111111111111112 0.011111111111111112
0 0.7805555555555556 0.23333333333333334 0.011111111111111112 0.022222222222222223
0 0.9219351833333332 0.09496327777777777 0.9309159611111112 0.08081119444444444 0.9328828833333332 0.07786843888888889 0.9331319444444445 0.07502165555555555 0.9269634777777779 0.07448198333333333 0.9173113833333334 0.08460021666666667 0.9082945833333332 0.09916408333333333 0.9033358388888888 0.11159334444444444 0.9068438611111111 0.1164645888888889 0.9114604222222221 0.11354897777777777 0.9219351833333332 0.09496327777777777
0 0.9543012111111111 0.08802727777777777 0.9509085055555556 0.08773045555555556 0.9426748500000001 0.09929228888888889 0.9243552777777778 0.10640324999999999 0.9227499277777778 0.11290182222222221 0.9285743444444444 0.11507114444444445 0.9535900722222221 0.09615559444444445 0.9543012111111111 0.08802727777777777