0 0.7462830555555555 0.17498662222222222 0.7511880111111111 0.16389598333333336 0.7614134055555556 0.15361222222222223 0.7747144777777778 0.15562940555555557 0.7862411111111112 0.16366456666666668 0.8155781111111111 0.14492581666666665 0.8155333555555556 0.14364421111111111 0.7964347722222223 0.13352855555555554 0.7765091333333334 0.13124636111111113 0.7554524555555555 0.13446335555555555 0.7375060888888888 0.15097274444444445 0.7275230555555555 0.16819672222222223 0.7173669166666667 0.18046339444444442 0.7135973777777778 0.18406936666666668 0.7281707111111111 0.18629030000000002 0.7330672666666668 0.18611930555555556 0.7462830555555555 0.17498662222222222
0 0.7815437166666666 0.19579252222222224 0.7627462055555556 0.2068719611111111 0.7535999111111111 0.21016936111111112 0.7524058611111111 0.21323870000000003 0.7705396555555555 0.21260544999999997 0.8113872222222223 0.18410176111111112 0.8113085333333334 0.1818484277777778 0.796951038888889 0.18234980555555558 0.7815437166666666 0.19579252222222224
0 0.7237390277777778 0.24650147777777778 0.7245842888888889 0.24538736666666666 0.7243165277777777 0.23771967777777775 0.7185773000000001 0.2312953722222222 0.7007376944444444 0.23191835 0.68608055 0.22895585 0.6662558722222223 0.24850883333333332 0.6704452722222223 0.2548148833333333 0.6781114166666667 0.2659628611111111 0.6876633055555555 0.27664791666666666 0.6891890611111111 0.2765946388888889 0.7042981 0.2580997222222222 0.7237390277777778 0.24650147777777778
0 0.6248662388888888 0.33830166666666667 0.6350570111111111 0.32702644444444445 0.6351464666666666 0.3106443 0.6376857277777778 0.3039343888888889 0.6372930944444444 0.29269083888888886 0.6285421055555556 0.2920142333333333 0.6153622055555555 0.2934671555555556 0.5532279611111112 0.35172268333333334 0.5463135611111111 0.3599054833333334 0.5498348777777777 0.3682201944444444 0.54419995 0.37735098333333333 0.5555707777777777 0.3809245833333333 0.5585535611111111 0.3867764277777778 0.5715910388888888 0.38632115 0.6248662388888888 0.33830166666666667
0 0.4964360944444444 0.4520793166666667 0.5138429166666667 0.4390631 0.5133755111111111 0.42567840555555553 0.5237047666666667 0.4183690222222223 0.5356324555555556 0.4189451611111111 0.5415326388888889 0.41584105 0.5405615 0.3880311611111111 0.5351160222222222 0.3852124833333333 0.5238836777777778 0.38560472222222225 0.5166330055555556 0.38635426111111115 0.49479152222222217 0.40498500555555556 0.47561026666666667 0.4240191944444444 0.4700792 0.43612436111111114 0.4612791333333333 0.44933635 0.4707483722222222 0.4565499555555555 0.48734361111111113 0.45597043333333337 0.4964360944444444 0.4520793166666667
0 0.47041645 0.47348653888888886 0.4765784611111111 0.46604401111111116 0.4763061388888889 0.45824573333333335 0.4588754 0.44609485 0.4514689333333334 0.4423828166666667 0.39883009999999997 0.4883947444444444 0.39710755000000003 0.49391457222222224 0.40269107777777774 0.4978391611111111 0.4368586277777778 0.49664600555555555 0.4459147611111111 0.49171385 0.4599284944444444 0.49519515555555554 0.47083192222222225 0.48538405 0.47041645 0.47348653888888886
0 0.41934109999999997 0.5201387277777778 0.4080222055555555 0.5180523222222223 0.39511928888888886 0.5274369166666666 0.3841293055555556 0.5347693722222222 0.3809263055555555 0.5430707388888889 0.4099291222222223 0.5420579388888889 0.4179128833333333 0.5360712944444445 0.42333234999999997 0.5331475833333333 0.4231173333333333 0.5269902888888889 0.41934109999999997 0.5201387277777778
0 0.36650266666666664 0.56025125 0.36793974444444444 0.5602010666666667 0.3781375055555556 0.5543356444444445 0.3768362666666667 0.5360167222222222 0.39304280555555554 0.5265167611111111 0.3941545055555556 0.5185365944444444 0.3892717777777778 0.5132474277777778 0.37934357777777783 0.5130977944444445 0.3484942888888889 0.5389917833333334 0.3508227 0.54883715 0.3589764555555556 0.5550047611111111 0.36650266666666664 0.56025125
0 0.3471031 0.578849238888889 0.34707512777777777 0.5780481777777777 0.3319819111111111 0.5732198555555555 0.3248618888888889 0.5672643166666667 0.32408818888888885 0.5672913388888889 0.30306577222222225 0.5786966388888889 0.3027878 0.5833231888888889 0.3028857277777778 0.5861274888888889 0.3076187111111111 0.5954130055555555 0.32220661666666667 0.5963925833333333 0.33337482777777777 0.6003206944444445 0.3397343166666667 0.6000986111111112 0.3446886111111111 0.5961038333333333 0.34434238333333334 0.5861892444444444 0.3471031 0.578849238888889
0 0.3483024777777778 0.6131948166666666 0.34812312222222225 0.6080587055555556 0.33967645 0.6045676388888889 0.32980018333333333 0.6059051944444445 0.31443037222222225 0.6014785833333333 0.3087262 0.6086264555555556 0.31418511666666665 0.6133991666666667 0.3086021222222222 0.6240171444444444 0.29780256666666666 0.6368026277777777 0.30363493333333336 0.6402718277777778 0.32215388333333334 0.6396251277777778 0.3483024777777778 0.6131948166666666
0 0.1366876111111111 0.7616413722222223 0.13615384444444445 0.7463564055555556 0.11768299444444445 0.7441461611111112 0.10509385555555555 0.74260045 0.08890533888888888 0.7535887833333333 0.08398306666666666 0.7641836888888889 0.09740532222222223 0.7696709777777777 0.1094888111111111 0.7747086888888889 0.11663150000000001 0.7746577944444444 0.12764682777777778 0.7742731277777777 0.13437135 0.7673874277777778 0.1366876111111111 0.7616413722222223
0 0.13269638333333333 0.8029834444444445 0.11887307222222222 0.8049551666666667 0.12120147777777777 0.8148005333333334 0.13244707777777778 0.8185770333333333 0.14422043333333334 0.8181658999999999 0.14386085 0.8078687722222223 0.13944213333333333 0.8067185444444445 0.13269638333333333 0.8029834444444445
0 0.11336872222222222 0.7306248166666666 0.11951628333333332 0.7387217333333334 0.1318969611111111 0.7333260444444444 0.1455788888888889 0.7462492888888889 0.16094869444444446 0.7506759 0.17007478333333334 0.7657435666666667 0.17571519444444444 0.7739842777777778 0.18183099444444445 0.7779399166666667 0.18692692777777778 0.7777619666666666 0.194764 0.7718300777777778 0.2347797888888889 0.7242736277777777 0.22276554444444444 0.7212188388888888 0.21975909999999999 0.7109008055555556 0.2512399111111111 0.6990575111111111 0.25122622777777776 0.6986655777777778 0.2457207388888889 0.6965931833333333 0.22866304444444446 0.7006631888888889 0.21280561666666667 0.7012169444444444 0.2097299333333333 0.6889159944444445 0.20611469999999998 0.6801082333333334 0.18377120000000002 0.6843628222222222 0.1749740277777778 0.6787140166666666 0.1589405888888889 0.6931712722222223 0.1133619611111111 0.7304312722222223 0.11336872222222222 0.7306248166666666
0 0.0321011 0.8313626444444444 0.025138155555555555 0.8191974388888889 0.010893088888888888 0.820664861111111 0.011178433333333333 0.8288359444444444 0.013006394444444444 0.8528754777777777 0.017990744444444446 0.8614865333333334 0.027844650000000002 0.8611424277777778 0.034318494444444445 0.8547315388888889 0.03356948333333333 0.8332827222222222 0.0321011 0.8313626444444444