0 0.3944508388888889 0.5012876 0.3945273 0.5056679111111111 0.40008018888888885 0.5106975166666666 0.4107944944444445 0.5197027444444444 0.42135563333333337 0.5308319444444445 0.4364424777777778 0.5312757 0.45227406111111107 0.5203929111111112 0.4594905 0.5018824333333333 0.45547510555555554 0.48781059444444447 0.4419555777777778 0.48434396111111105 0.4204893611111111 0.48471865555555554 0.3944508388888889 0.5012876
0 0.49271885 0.49827105555555556 0.4724421833333333 0.5128440888888889 0.4725734055555556 0.5203617833333334 0.47813789444444443 0.5268094277777778 0.49236895 0.5322178 0.5008442444444445 0.5405550222222222 0.5087064166666667 0.5503171388888889 0.5294955444444445 0.5534897444444444 0.5546006277777777 0.5339599277777778 0.5713743555555556 0.5230606888888889 0.5261367388888889 0.4884309777777778 0.5137991833333333 0.4886463333333333 0.49271885 0.49827105555555556
0 0.5095415166666667 0.5472666888888889 0.48676936111111113 0.5384719222222223 0.46787687777777776 0.5359733055555556 0.46732236666666666 0.5378559333333334 0.46763839444444444 0.5559610611111111 0.5037237555555556 0.5919153333333333 0.5278866722222222 0.5724019555555556 0.5095415166666667 0.5472666888888889
0 0.4724432055555556 0.5037843888888889 0.49390304444444444 0.49138916111111114 0.5077639444444444 0.4755910888888889 0.48857533333333336 0.45612732222222224 0.4186944166666666 0.4069603611111111 0.3992046111111111 0.40730056111111107 0.37124205555555556 0.42918442222222225 0.35580531111111113 0.4626874111111111 0.3628075833333333 0.48589937222222224 0.3788859333333333 0.48915420555555555 0.39572136666666663 0.48178937777777775 0.41544495 0.47790961666666665 0.4353166111111111 0.4825124333333333 0.46090289444444443 0.4905509888888889 0.46764605 0.49891844444444444 0.4724432055555556 0.5037843888888889
0 0.5808920888888889 0.68045875 0.5950861277777778 0.6837464777777778 0.6111027888888889 0.6834669055555556 0.6080912388888889 0.6729130222222222 0.6012123555555556 0.6567698722222222 0.5982950222222223 0.6538635055555555 0.5858023611111111 0.6540815666666667 0.5750430222222223 0.6609732944444444 0.5751874277777778 0.6692462777777778 0.5808920888888889 0.68045875
0 0.618533811111111 0.6059503777777777 0.6215745055555555 0.6113198166666667 0.6337485055555555 0.6068647388888889 0.6469510333333334 0.6073413833333333 0.6573227888888888 0.5998871055555556 0.6571443277777778 0.58966305 0.6517480111111111 0.5862536555555556 0.6310924944444445 0.5866142000000001 0.6202992055555556 0.5922504666666667 0.6183568388888889 0.5958118166666667 0.618533811111111 0.6059503777777777
0 0.5603851222222223 0.5813303166666667 0.5994744833333333 0.5530712388888889 0.5951193777777778 0.5372345 0.5795573666666667 0.5375061333333333 0.5524160222222222 0.5567210333333333 0.5401438222222222 0.57155575 0.5401794777777778 0.5735984666666667 0.5468842277777778 0.5825276611111111 0.5514322611111111 0.5824482722222222 0.5603851222222223 0.5813303166666667
0 0.21124874444444444 0.2883405 0.20476537777777779 0.2957654722222222 0.20074080555555554 0.28852391666666666 0.1740455 0.28898988333333336 0.17453910555555555 0.3172685388888889 0.19687931111111112 0.3340331111111111 0.21100622777777778 0.3405819722222222 0.21645775555555555 0.33142622777777775 0.2198142388888889 0.3219295222222222 0.2282273222222222 0.31385465555555553 0.23871179444444443 0.30914135 0.23345097777777776 0.2960198111111111 0.22997446666666665 0.28801364444444444 0.21124874444444444 0.2883405
0 0.2067298111111111 0.24396816666666668 0.20451046666666667 0.25724800555555555 0.19650159444444443 0.2596529444444444 0.1957997611111111 0.2619865888888889 0.1959580111111111 0.27105256666666666 0.20079588888888888 0.27505650000000004 0.21792509444444444 0.2762676111111111 0.24309877222222223 0.2807360222222222 0.24812635 0.27687301666666664 0.24099836111111111 0.2720896166666667 0.23231518333333334 0.26469068888888886 0.23064800555555556 0.2556592 0.22949043888888887 0.24699633333333332 0.22352407777777777 0.2436750222222222 0.2067298111111111 0.24396816666666668
0 0.1575947388888889 0.25065195 0.15115762777777778 0.25104871111111116 0.1513732611111111 0.26340240000000004 0.15331125555555555 0.2646951388888889 0.16178277222222223 0.26530231666666665 0.16271062777777778 0.2554704722222222 0.1575947388888889 0.25065195
0 0.18821402222222222 0.2533022833333333 0.18556714444444442 0.24579798888888887 0.17490480555555557 0.24032123333333333 0.16769818333333333 0.24367837777777776 0.16771540555555556 0.24466506111111108 0.17107823333333333 0.25171376111111116 0.17714746666666667 0.25349545 0.18821402222222222 0.2533022833333333
0 0.12985023888888889 0.24051719444444444 0.12546793888888888 0.24889923333333333 0.13194864444444443 0.25142878333333335 0.13845436111111112 0.24338720555555554 0.14177131666666667 0.23162604444444443 0.13796139999999998 0.22849931666666667 0.11980046666666667 0.22881631666666666 0.12162396666666667 0.23046762222222222 0.12985023888888889 0.24051719444444444
0 0.26904531666666665 0.3199828777777778 0.26986810555555557 0.32245457222222224 0.27600980555555554 0.32838775555555555 0.2872147 0.33612019444444446 0.3012994 0.3358743444444445 0.31016280555555553 0.3247714222222222 0.2999771388888889 0.31777624444444447 0.28695119444444445 0.3210238111111111 0.2786985722222222 0.3094645944444444 0.2689642277777778 0.3153375388888889 0.26904531666666665 0.3199828777777778