0 0.2533111722222222 0.81190725 0.2479539611111111 0.8292613555555556 0.24702845 0.8661997944444445 0.26508471666666666 0.8746421333333334 0.2855694277777778 0.8661334111111111 0.29160609444444446 0.8519807111111111 0.2951264 0.8016379944444444 0.29442246666666666 0.7974954333333334 0.27093905 0.795853311111111 0.26909201111111114 0.8114094666666667 0.2533111722222222 0.81190725
0 0.28845634444444446 0.7803708722222222 0.29021355 0.78049375 0.30738370555555555 0.7781682333333333 0.3079516944444445 0.7775120722222222 0.30878465555555556 0.76560015 0.30383939444444447 0.7591700777777777 0.30058673888888887 0.7589426277777777 0.2874682277777778 0.7607593166666666 0.28487346666666663 0.7682373777777778 0.28845634444444446 0.7803708722222222
0 0.34602125 0.78643915 0.34637138333333334 0.7855799777777778 0.34838973333333334 0.7567162166666667 0.3295995611111111 0.7554022777777778 0.3292280277777778 0.7658600833333333 0.3275141944444444 0.7785175833333333 0.33718007222222224 0.7825071944444444 0.34602125 0.78643915
0 0.3444204166666667 0.6541958166666666 0.34547466111111114 0.6391194 0.31903204444444444 0.63214265 0.3091314611111111 0.6314503333333333 0.3108694055555556 0.6405007666666667 0.3444204166666667 0.6541958166666666
0 0.3591379555555555 0.6197201888888889 0.3592324555555555 0.6302202222222222 0.3530263722222222 0.64193655 0.3503195 0.6510178333333333 0.3632271444444445 0.6619798611111111 0.36974792777777776 0.6635404111111112 0.37712460000000003 0.6469353666666666 0.38397833333333337 0.6459862444444444 0.3857085555555555 0.6212429666666667 0.38332999444444443 0.6199314388888889 0.3665045388888889 0.6187548888888889 0.3591379555555555 0.6197201888888889
0 0.23526174444444442 0.9409631333333334 0.23252385555555558 0.9379642222222222 0.2259970888888889 0.9375078277777777 0.22366965 0.9406981999999999 0.2183723777777778 0.9690466388888889 0.22886296666666667 0.9730939333333333 0.23354829444444444 0.9654665777777778 0.23526174444444442 0.9409631333333334
0 0.32607550555555553 0.9376360555555555 0.3246535333333333 0.9579712 0.34024607777777777 0.9601661111111112 0.338929 0.9849268777777778 0.34777017222222223 0.9888588277777777 0.36768340000000005 0.9919684722222223 0.40028182222222225 0.9942479722222222 0.43083123888888886 0.9316642888888889 0.4316285722222223 0.9202619444444445 0.3556429611111111 0.8964514555555556 0.3380134722222222 0.8952186777777779 0.3331094388888889 0.9022293277777778 0.32607550555555553 0.9376360555555555
0 0.4449063277777778 0.8896654444444445 0.38474342222222224 0.8706407500000001 0.3752661722222222 0.8699780333333333 0.36134485 0.8900179888888888 0.3612410888888889 0.8915018888888888 0.36334835555555556 0.8975136444444445 0.43525872777777774 0.9180061055555555 0.44423022777777776 0.8993341277777778 0.4449063277777778 0.8896654444444445
0 0.4248940277777778 0.7509276722222222 0.3980196388888889 0.7490484333333334 0.39345455 0.753189 0.38599125 0.7591814111111111 0.3812241444444444 0.779948061111111 0.39777433333333334 0.7921510777777778 0.4120145277777778 0.7959082833333333 0.40232470555555555 0.8278155666666667 0.4650095833333333 0.8498720722222222 0.47989587222222224 0.8266124444444445 0.49424725555555554 0.7872991222222222 0.49700893888888886 0.7817005944444445 0.49749705 0.7747202944444445 0.4248940277777778 0.7509276722222222
0 0.41217250555555557 0.7067774333333333 0.4143075333333333 0.7117996444444443 0.4382068111111111 0.71964365 0.44661798333333336 0.7119475277777778 0.4655581833333333 0.7077490999999999 0.47229191111111113 0.6944128166666667 0.48240133333333335 0.6802080166666666 0.4980407222222222 0.6873033111111111 0.49891596111111114 0.6747867611111111 0.4479161555555556 0.65229335 0.42994644444444446 0.6510367833333334 0.41217250555555557 0.7067774333333333
0 0.5075699611111111 0.6994098166666667 0.48368422777777775 0.6882092277777778 0.4792150722222222 0.6878967111111112 0.47509192222222224 0.6969178111111111 0.47490744999999995 0.699555888888889 0.4829336833333333 0.7021053666666667 0.47619995555555555 0.7154416444444445 0.4840242555555555 0.7220639166666667 0.47962131111111106 0.7316971777777778 0.47845705 0.7364954888888888 0.5106318888888889 0.7504342277777778 0.5167396944444445 0.7384641388888888 0.5170697611111111 0.73374395 0.4938054388888889 0.7244047444444445 0.49551406666666664 0.71182165 0.5054873999999999 0.7114144777777778 0.5075699611111111 0.6994098166666667
0 0.5279551 0.6189063666666667 0.5251138777777778 0.6187076888888889 0.5244541777777778 0.6281418277777777 0.5320313666666667 0.633202 0.5228307666666667 0.6640389277777777 0.5253389944444444 0.6696498333333333 0.5403593833333333 0.6741012222222222 0.5443800555555556 0.6617571388888889 0.5447902666666666 0.6558908833333333 0.5384441 0.654085 0.5414282277777778 0.6410388 0.5462155555555556 0.6355082999999999 0.54690275 0.6256808944444445 0.5279551 0.6189063666666667
0 0.4067132666666667 0.3208615722222222 0.3987453777777778 0.31470769444444446 0.39393500555555555 0.31437132222222225 0.38871659999999997 0.32578873333333336 0.3841255333333333 0.3381122222222222 0.4007485444444444 0.34927380555555554 0.40662564444444443 0.32211466666666666 0.4067132666666667 0.3208615722222222