0 0.5268075611111112 0.5558259388888889 0.5402065722222222 0.5633105555555555 0.5693004555555555 0.5633222833333333 0.5956377 0.5697352833333333 0.5901070777777778 0.58352975 0.6001183833333333 0.5842006111111111 0.609850538888889 0.57318775 0.6099812944444445 0.5656969055555556 0.5991938888888889 0.5554102444444444 0.5754574833333334 0.5515231722222222 0.5507846055555555 0.5453376611111111 0.5285042055555556 0.5449487555555556 0.5268466444444445 0.5535870555555555 0.5268075611111112 0.5558259388888889
0 0.5191571833333334 0.5037079222222223 0.5057919777777778 0.4945447 0.4991817 0.4944293166666667 0.49281128888888887 0.49779087222222224 0.5025622222222222 0.5073871166666666 0.49777054444444446 0.5167295111111111 0.5154365111111111 0.5274561222222223 0.5246995555555556 0.5271217111111111 0.5377123500000001 0.5392554222222222 0.5476104555555555 0.5404204055555556 0.5609800777777778 0.5455156277777777 0.56588085 0.5456011666666666 0.5659431777777778 0.54203035 0.5557592166666667 0.5281599611111111 0.5459303611111112 0.5230273222222223 0.5367885111111111 0.5164183611111111 0.5382837055555556 0.5065223166666667 0.5278198000000001 0.4998902666666667 0.5191571833333334 0.5037079222222223
0 0.5064909111111111 0.48523008333333334 0.5113339499999999 0.4873306666666667 0.5115051444444444 0.4775228 0.49230375000000004 0.46067318888888886 0.4778390444444444 0.4559557333333333 0.4704205722222222 0.46426006666666664 0.47751873333333333 0.47430611666666667 0.4953059 0.47808934444444445 0.5064909111111111 0.48523008333333334
0 0.44670927777777775 0.45615652222222225 0.4552571388888889 0.46176290555555555 0.47788147777777773 0.45074735 0.4774368666666667 0.43833690555555554 0.42573900000000003 0.39313213333333336 0.41658686666666667 0.39297238333333334 0.4106439722222222 0.4009552 0.4111405166666666 0.4103899 0.4208308611111111 0.4234578388888889 0.4331653111111111 0.4365719277777778 0.4435772777777777 0.4461797055555556 0.44670927777777775 0.45615652222222225
0 0.6196330944444445 0.6132162388888889 0.6051282388888889 0.6129630555555555 0.5967295611111111 0.6200596222222222 0.6071848111111111 0.6271876222222222 0.61511715 0.6273260777777778 0.6267213166666666 0.6443962833333333 0.6413158722222222 0.6416743833333334 0.6362007888888889 0.6316629555555555 0.6506828055555556 0.6353884944444445 0.6588480111111111 0.6310587555555556 0.6589624055555555 0.6245051555555555 0.6569453833333333 0.6225990111111112 0.6350865 0.6197369333333334 0.6324192555555556 0.6134394222222223 0.6211156777777778 0.6132421166666667 0.6206477666666667 0.6135316111111111 0.6196330944444445 0.6132162388888889
0 0.7245470166666667 0.6737866277777778 0.7359668055555556 0.6694907555555556 0.736047161111111 0.6648871333333333 0.7339046444444445 0.6615472833333333 0.7194222944444445 0.6538528777777778 0.7102375 0.6536925611111111 0.704914638888889 0.6555840777777777 0.7060548944444445 0.6660222333333333 0.7245470166666667 0.6737866277777778
0 0.7800799611111111 0.6888581444444445 0.7521810222222223 0.6710938888888889 0.7451870055555555 0.670971811111111 0.7362215055555555 0.6782569222222222 0.7673709166666667 0.6991410388888889 0.7798966555555555 0.6993596777777777 0.7800799611111111 0.6888581444444445
0 0.7898693833333333 0.7304908444444445 0.8063950833333333 0.7307793 0.8072021944444444 0.7266566166666667 0.8074333111111112 0.7134162055555555 0.8048102166666666 0.7079307 0.8029483333333333 0.7009527 0.7870836611111112 0.7006757833333334 0.7765805388888888 0.7039652 0.7854499555555555 0.7185071277777778 0.7898693833333333 0.7304908444444445
0 0.6598333888888889 0.6472563499999999 0.6769536388888888 0.6475551833333333 0.6808418444444444 0.6443372277777778 0.6809376444444445 0.6388489333333334 0.6750620055555555 0.6364093611111111 0.6579281499999999 0.6361102888888889 0.6562738611111111 0.6361806333333333 0.6598333888888889 0.6472563499999999
0 0.6856119055555556 0.6893868055555555 0.6780835944444444 0.6753569166666666 0.6614449111111111 0.6750664888888889 0.6686217666666666 0.6900749777777778 0.6670659722222223 0.7034427166666666 0.6853732666666666 0.7030581444444445 0.6856119055555556 0.6893868055555555
0 0.6466771 0.6101163222222222 0.6590461777777777 0.621246588888889 0.6675529666666666 0.6263561444444444 0.6817020944444445 0.6365252666666666 0.6892672055555555 0.6366573166666666 0.6951862888888889 0.6342801 0.697759488888889 0.6301041666666667 0.6978688277777778 0.6238399944444445 0.6617386944444444 0.6028383944444444 0.6549140388888889 0.6027192666666666 0.6466771 0.6101163222222222
0 0.7180164555555556 0.7428875222222222 0.7046864388888889 0.7221080833333333 0.6827080333333333 0.7311504888888889 0.7041237333333333 0.7543452333333333 0.7154365611111111 0.7565271277777778 0.71781445 0.7544602777777778 0.7180164555555556 0.7428875222222222
0 0.6917406666666667 0.6565963555555555 0.6917969666666667 0.6533706777777778 0.6827119277777778 0.6532121 0.67106635 0.6560350777777778 0.6624729833333334 0.6558850833333333 0.6656536444444444 0.6683432833333333 0.6735286611111111 0.6664963111111111 0.6854964166666666 0.66273635 0.6917406666666667 0.6565963555555555
0 0.1896043222222222 0.25233282777777777 0.20192146111111112 0.2664388277777778 0.21964205555555555 0.2781586111111111 0.23402615555555556 0.2833707555555555 0.23618237222222224 0.27348625 0.24844861666666668 0.26837095 0.24851710555555553 0.26444734444444445 0.2325538277777778 0.2540747277777778 0.21815838333333334 0.24538962777777779 0.21835835555555555 0.23393303888888892 0.20937699444444446 0.23377627222222222 0.19965825555555555 0.2445706 0.1896043222222222 0.25233282777777777
0 0.1954761111111111 0.15723232777777776 0.18422132222222223 0.15802808333333335 0.17402022222222222 0.17422156666666666 0.1954619 0.19592845 0.21317115 0.20417527777777777 0.2265603611111111 0.19895181111111113 0.1954761111111111 0.15723232777777776
0 0.16375749444444443 0.22588564444444445 0.17139266111111112 0.2263388611111111 0.17181975555555556 0.20187084444444442 0.15828985555555555 0.19954613333333332 0.14693393333333335 0.1993479111111111 0.14023873333333334 0.20662304444444446 0.1494065611111111 0.21174414444444445 0.1538519611111111 0.22223998888888888 0.16375749444444443 0.22588564444444445
0 0.05389273333333333 0.101231 0.07391428888888889 0.0810022 0.07392395 0.08044901666666666 0.05467186111111111 0.05659494444444444 0.04081624444444444 0.054864772222222226 0.026143772222222226 0.062050266666666666 0.0331294 0.07854374444444444 0.03292163333333334 0.09044669444444443 0.05389273333333333 0.101231
0 0.15784242222222222 0.18644108888888888 0.16127246111111113 0.16947292777777778 0.16127837222222222 0.16913411111111112 0.14218758333333334 0.1678118611111111 0.11782477777777776 0.16192942777777777 0.1169127 0.17630062222222223 0.13470851666666667 0.17958788888888888 0.14847756111111113 0.18627762222222222 0.15784242222222222 0.18644108888888888
0 0.13836266111111112 0.20867006666666665 0.1336739222222222 0.19911645555555554 0.12629865555555556 0.19898772222222225 0.1148333 0.20469127222222222 0.13120903888888888 0.2193642222222222 0.1382199222222222 0.21684778888888886 0.13836266111111112 0.20867006666666665
0 0.23669505 0.30508029999999997 0.2620486888888889 0.32578096111111116 0.27533955 0.3194205722222222 0.27572388333333336 0.2974021 0.2653315277777778 0.29031697777777776 0.25793557222222224 0.29018788333333334 0.24803415 0.2952737944444444 0.25318386111111113 0.3033013944444444 0.23670625 0.3044385388888889 0.23669505 0.30508029999999997
0 0.3420574222222222 0.3170688388888889 0.34213037777777777 0.3128892611111111 0.3310713 0.30257727222222225 0.32246991666666663 0.3024271388888889 0.3201267888888889 0.3076945833333333 0.3219194222222222 0.31864023888888887 0.33104395555555555 0.32624111666666666 0.3420574222222222 0.3170688388888889
0 0.30924291666666665 0.34109107222222224 0.27645260555555556 0.34051871666666667 0.3110295111111111 0.36701905555555553 0.32460378333333334 0.3620091611111111 0.3247052888888889 0.3561938666666667 0.30924291666666665 0.34109107222222224