0 0.6803859333333334 0.38452401666666663 0.6715565833333333 0.38390660555555556 0.6577696222222222 0.39412730555555553 0.6575209833333333 0.39768302777777775 0.6696472388888889 0.4247970888888889 0.6841003722222223 0.4136574611111111 0.6848898 0.3905166611111111 0.6803859333333334 0.38452401666666663
0 0.7242771055555556 0.3741991333333334 0.7206070944444444 0.35949094444444446 0.7172770222222221 0.3592580833333333 0.6865760944444445 0.3803863333333333 0.686355711111111 0.3835379388888889 0.6953427888888889 0.3909535777777778 0.7009472722222222 0.4056177666666666 0.7235084722222223 0.3851911055555556 0.7242771055555556 0.3741991333333334
0 0.7832351944444444 0.3253474444444444 0.7779019444444444 0.3189444166666667 0.7686135333333334 0.31829491111111113 0.7282035222222223 0.3425814166666667 0.7267718499999999 0.3630553166666667 0.7298432166666667 0.37187193333333335 0.7437687111111111 0.3623522666666667 0.7767704888888889 0.3348365388888889 0.7832351944444444 0.3253474444444444
0 0.7820982222222223 0.30723752777777774 0.7791597777777778 0.3374077777777778 0.8110358777777777 0.31413829444444447 0.8018152666666667 0.2983401111111111 0.7978095388888888 0.29806000555555556 0.7820982222222223 0.30723752777777774
0 0.9483922277777778 0.18049997222222222 0.9453768277777779 0.18361807222222223 0.9449263388888889 0.1900603333333333 0.9504203055555556 0.19504605 0.9592227611111112 0.18175449444444444 0.9588809111111112 0.18123341666666665 0.9483922277777778 0.18049997222222222
0 0.9896126888888889 0.1565094 0.9894864555555556 0.14995883333333332 0.9828210055555555 0.1494927388888889 0.9800928666666667 0.15043110555555556 0.9696061 0.15569193888888888 0.9692810944444444 0.1603397222222222 0.9703189388888889 0.16576392777777776 0.9783842277777778 0.1630142 0.9896126888888889 0.1565094
0 0.9705311833333334 0.16534071666666667 0.9633971499999999 0.16484185555555556 0.9624298222222223 0.17867531666666667 0.9714497055555557 0.16926672222222222 0.9705311833333334 0.16534071666666667
0 0.9284156222222222 0.22588401666666666 0.9341709222222222 0.21468846666666666 0.9400695555555556 0.20736893888888888 0.9412505388888889 0.1964058 0.9361115722222222 0.19077947222222222 0.9356291833333333 0.19074573888888888 0.9278246555555556 0.1987806888888889 0.9215317055555556 0.20605055 0.9197592388888888 0.23139803888888888 0.9204167944444445 0.23360897777777778 0.9306975833333333 0.22880502222222224 0.9284156222222222 0.22588401666666666
0 0.91019925 0.24355277222222224 0.9085986722222222 0.23681341666666667 0.8977902388888889 0.24323733333333333 0.8979222888888889 0.23266198888888887 0.8927727555555556 0.2323019 0.8584037666666666 0.2553948833333334 0.8580859166666667 0.2658660888888889 0.8715118000000001 0.2634912 0.8853323944444446 0.2495459111111111 0.8828374833333332 0.26152173888888886 0.91019925 0.24355277222222224
0 0 0.939470911111111 0.006580666666666667 0.9414232277777776 0.016641255555555557 0.9338424388888888 0.03008792777777778 0.9193187166666668 0.04109891111111111 0.904072388888889 0.033907155555555554 0.9002557833333333 0.024891461111111114 0.9106710555555556 0.01456185 0.9220990333333333 0.007359694444444445 0.9243568388888889 0.0010695055555555554 0.9194986944444443 0 0.91444585 0 0.939470911111111
0 0.06986491666666667 0.8541914166666668 0.06294235 0.8537073444444445 0.052681422222222225 0.8640608555555556 0.039630783333333336 0.8714988277777778 0.03915149444444444 0.8783529333333334 0.04918728888888889 0.89032625 0.07757985555555555 0.8635419500000001 0.06986491666666667 0.8541914166666668