0 0.4236548055555555 0.5501984111111111 0.3998541777777778 0.5536706333333333 0.3888888888888889 0.5637674611111111 0.3888888888888889 0.5712594444444444 0.39842736111111116 0.5824404777777777 0.40844885 0.5819444444444445 0.4031598166666666 0.5680555555555555 0.4296049722222222 0.5621031777777777 0.45869462777777775 0.5625992111111111 0.4722222222222222 0.5553495777777778 0.4722222222222222 0.5531103555555555 0.4707156722222222 0.5444444444444444 0.44843187777777777 0.5444444444444444 0.4236548055555555 0.5501984111111111
0 0.4943041111111111 0.49444444444444446 0.4807810222222222 0.5033730166666667 0.47218635000000003 0.49940476111111115 0.46160829444444446 0.5058531777777778 0.46293055 0.5157738111111111 0.45367475 0.5222222222222223 0.4437578166666667 0.5271825388888889 0.43333333333333335 0.5408730833333334 0.43333333333333335 0.5444444444444444 0.43823485 0.5444444444444444 0.45169136111111113 0.5395833333333333 0.46160829444444446 0.5385912722222221 0.47483086666666663 0.5266865111111111 0.48408666666666667 0.5271825388888889 0.5019371444444445 0.5167658722222223 0.49730924444444446 0.5073412722222221 0.5072261722222222 0.4979166666666667 0.5009154 0.49444444444444446 0.4943041111111111 0.49444444444444446
0 0.5050757777777778 0.4781746055555555 0.5229262611111112 0.4747023833333333 0.5301986722222222 0.4647817444444444 0.5229262611111112 0.4563492055555556 0.5083814277777777 0.4608134944444444 0.4888888888888889 0.4773254333333333 0.4888888888888889 0.4871347888888889 0.49376785 0.48511905 0.5050757777777778 0.4781746055555555
0 0.5852683166666667 0.39444444444444443 0.5761147888888889 0.39444444444444443 0.5236358666666667 0.4387400777777778 0.5229747333333333 0.45114087222222227 0.5454033777777778 0.4625496 0.5540477777777778 0.45709325 0.5573534222222223 0.4471726166666667 0.5679314833333333 0.43774801666666663 0.5804929277777777 0.4248511888888889 0.5904098611111112 0.4119543611111111 0.591070988888889 0.40252976111111116 0.5852683166666667 0.39444444444444443
0 0.3773892111111111 0.6114087277777778 0.3769264222222222 0.6111111111111112 0.3656211222222222 0.6111111111111112 0.3628443777777778 0.6173611111111111 0.34093887222222224 0.6198412666666666 0.3388888888888889 0.6217119166666667 0.3388888888888889 0.6282665166666667 0.3469772888888889 0.6327380944444445 0.36152212222222224 0.6292658722222223 0.3562330944444444 0.6391865055555556 0.3707779222222222 0.6421627 0.38267823888888886 0.6252976166666667 0.3906117833333333 0.6252976166666667 0.4011898444444445 0.6183531722222223 0.3929162944444444 0.6111111111111112 0.37840922777777775 0.6111111111111112 0.3773892111111111 0.6114087277777778
0 0.291079 0.6624007944444444 0.2924012555555556 0.6519841277777777 0.2871122166666667 0.65 0.27792602222222224 0.65 0.2633115888888889 0.6574404777777778 0.2611111111111111 0.6607424277777778 0.2611111111111111 0.66534675 0.2724541888888889 0.6698412722222222 0.291079 0.6624007944444444
0 0.24487138333333336 0.6666666666666666 0.21666666666666667 0.6839413111111111 0.21666666666666667 0.6944444444444444 0.22919431666666665 0.6944444444444444 0.2607034611111111 0.674107138888889 0.2518664666666667 0.6666666666666666 0.24487138333333336 0.6666666666666666
0 0.18962392777777776 0.7253968222222222 0.20615214444444444 0.7253968222222222 0.21078004444444443 0.7134920611111112 0.21990189999999998 0.6991071388888889 0.20945778888888889 0.6956349166666667 0.19359069999999998 0.6956349166666667 0.19160731666666667 0.7025793611111111 0.18888888888888888 0.7080182500000001 0.18888888888888888 0.7212606777777778 0.18962392777777776 0.7253968222222222
0 0.3225839833333333 0.6333333333333333 0.31666666666666665 0.6356699888888889 0.31666666666666665 0.6411591166666667 0.32049811666666667 0.6444444444444445 0.3376209777777778 0.6444444444444445 0.3413732611111111 0.633432538888889 0.33972045 0.6333333333333333 0.3225839833333333 0.6333333333333333
0 0.3188831277777778 0.6722222222222223 0.3111111111111111 0.6861185888888889 0.3111111111111111 0.6997920055555555 0.3294089055555555 0.7004960277777778 0.32808665 0.6871031722222223 0.33552434444444446 0.6722222222222223 0.3188831277777778 0.6722222222222223
0 0.31594288333333337 0.6333333333333333 0.33026733333333336 0.6234127 0.338862 0.6184523833333333 0.35142344444444445 0.6075396833333333 0.3433168555555555 0.6 0.3364911611111111 0.6 0.3 0.6203678444444445 0.3 0.6266329722222223 0.3024999277777778 0.6308531777777778 0.30837662222222223 0.6333333333333333 0.31594288333333337 0.6333333333333333
0 0.2914684166666667 0.7185019833333333 0.2777777777777778 0.7390456166666667 0.2777777777777778 0.7506201333333333 0.28011923333333333 0.7527281722222222 0.2914684166666667 0.7507440444444444 0.3132856611111111 0.7279265888888888 0.2914684166666667 0.7185019833333333
0 0.31169169444444444 0.6594742055555556 0.32359200555555556 0.663442461111111 0.3314335888888889 0.665426588888889 0.3348311944444445 0.6530257944444444 0.32623651666666664 0.6530257944444444 0.3146419777777778 0.65 0.3055555555555556 0.65 0.3055555555555556 0.6532261666666667 0.31169169444444444 0.6594742055555556
0 0.7716974277777778 0.2587797611111111 0.7555555555555555 0.2688722 0.7555555555555555 0.27279640555555557 0.7677306555555555 0.278125 0.7697140388888889 0.28804563333333333 0.7841869111111112 0.28308531666666664 0.8021093444444445 0.2716765888888889 0.8146707888888888 0.2577877 0.8047538611111111 0.24985118888888888 0.7952249888888889 0.2388888888888889 0.7862422555555556 0.2388888888888889 0.7862422555555556 0.2503472222222222 0.7716974277777778 0.2587797611111111
0 0.8216988166666667 0.16359126666666668 0.8104596277777778 0.16259920555555554 0.7786520055555556 0.20376984444444446 0.7919480166666667 0.2092261888888889 0.8097985000000001 0.20128968333333333 0.8316157444444444 0.17996031666666668 0.8216988166666667 0.16359126666666668
0 0.8509429000000001 0.2283234111111111 0.8555708000000001 0.21790674444444444 0.8648266055555556 0.21294642777777778 0.8582593944444444 0.20555555555555555 0.8469017444444445 0.20555555555555555 0.8333333333333334 0.20764378333333333 0.8333333333333334 0.23211552777777777 0.84097525 0.23179563333333333 0.8509429000000001 0.2283234111111111
0 0.9741549166666666 0.09866071111111112 0.9741549166666666 0.08675595 0.9814273333333334 0.0703869 0.9668825 0.06294642777777777 0.9529988 0.06443452222222222 0.9333333333333333 0.08794896666666667 0.9333333333333333 0.08850223888888889 0.9529988 0.10907737777777779 0.9741549166666666 0.09866071111111112
0 0.8569441111111111 0.19246031666666666 0.8708278111111112 0.18601190555555555 0.888678288888889 0.18303571666666668 0.8880171611111111 0.16865079444444445 0.8635554000000001 0.17410714444444444 0.8444444444444444 0.17509601111111112 0.8444444444444444 0.17543487777777778 0.8475778222222222 0.19246031666666666 0.8569441111111111 0.19246031666666666
0 0.8715214277777777 0.20555555555555555 0.8666666666666667 0.2150258777777778 0.8666666666666667 0.22320485 0.8736325611111111 0.22584325555555557 0.8902618833333333 0.21145833333333333 0.8788978166666667 0.20555555555555555 0.8715214277777777 0.20555555555555555
0 0.7409556111111111 0.32996031666666664 0.7666666666666667 0.30970529444444445 0.7666666666666667 0.3090634333333333 0.750211411111111 0.3076388888888889 0.755500438888889 0.2997023833333333 0.745689288888889 0.29444444444444445 0.7382922055555555 0.29444444444444445 0.7277777777777777 0.30134711666666664 0.7277777777777777 0.3233689388888889 0.7409556111111111 0.32996031666666664
0 0.6832020055555555 0.31086309444444443 0.6809511666666667 0.3055555555555556 0.6723484722222222 0.3055555555555556 0.6611111111111111 0.31567296111111115 0.6611111111111111 0.3198531777777778 0.6719628222222223 0.3292162722222222 0.6812186222222223 0.32177579444444443 0.6832020055555555 0.31086309444444443
0 0.6777777777777778 0.36509126666666664 0.6912625444444445 0.3703373 0.7262966777777778 0.34444444444444444 0.6935013722222222 0.34444444444444444 0.6777777777777778 0.35927508333333336 0.6777777777777778 0.36509126666666664