0 0.8197568833333334 0.69174075 0.8349808111111111 0.6936878444444444 0.8421536222222221 0.6868666 0.8414260611111112 0.6785505388888889 0.8443113666666666 0.6746687166666667 0.8437694833333335 0.6684749388888889 0.8427917222222222 0.6664079833333333 0.8117260222222222 0.6443510611111112 0.8009394500000001 0.6420157333333333 0.7931213055555555 0.6481647666666667 0.7909574055555555 0.6567338111111111 0.7885330222222222 0.6678759833333333 0.7751270055555556 0.6756068944444444 0.7760127333333333 0.6857308055555555 0.7841271222222221 0.6952222777777778 0.7999036444444444 0.6923846777777778 0.80971485 0.6824179166666666 0.8197568833333334 0.69174075
0 0.8125631166666666 0.7278538722222223 0.8199061833333333 0.7144304555555556 0.8196338388888889 0.7113174999999999 0.8145836722222222 0.7065456277777777 0.8033415666666667 0.7057075055555555 0.7905904555555556 0.7042727388888889 0.77813145 0.7006263944444444 0.7720247777777778 0.702982338888889 0.7673247888888889 0.7103159055555556 0.7797521555555555 0.7136006777777778 0.7869027166666668 0.7231764833333333 0.7884992055555555 0.7303235277777778 0.7887067444444446 0.7368499444444445 0.8046337111111111 0.7354565166666667 0.8125631166666666 0.7278538722222223
0 0.8648420944444445 0.7181074555555556 0.8643162499999999 0.7120969944444444 0.8575029777777778 0.7105825722222222 0.8454235722222222 0.7112750444444444 0.8512307222222222 0.7165963555555556 0.8478499333333334 0.7223571722222223 0.8406212722222222 0.7229896 0.8291186833333334 0.7247246166666668 0.8243237944444445 0.7309734833333335 0.832861588888889 0.7329869000000001 0.8507361444444445 0.7314230777777777 0.8560350055555556 0.7271061055555555 0.8637529888888889 0.7209658333333334 0.8648420944444445 0.7181074555555556
0 0.8838745388888889 0.7255545333333333 0.8740707444444443 0.7300556166666666 0.8748615722222223 0.7390948166666667 0.8791408333333334 0.7456683166666666 0.8950157333333334 0.7442794444444445 0.8949022 0.7429817277777778 0.889385488888889 0.7370954722222223 0.8921935555555556 0.7262840611111111 0.8838745388888889 0.7255545333333333
0 0.7368071277777778 0.6570038277777778 0.7253134611111111 0.6544324166666667 0.7198933222222221 0.6479842388888889 0.7115036277777778 0.6519972611111111 0.69785625 0.6579932222222222 0.6980688444444445 0.6604231333333334 0.7011708388888889 0.6664334666666666 0.7113896 0.6655394444444445 0.7134797111111111 0.6634831222222223 0.7213862888888889 0.6646648444444445 0.7373551500000001 0.6632677499999999 0.7368071277777778 0.6570038277777778
0 0.5996149000000001 0.4912321833333333 0.5986788000000001 0.48053249444444446 0.5922732166666667 0.4734384111111111 0.5835988222222223 0.4741973222222222 0.5726171888888889 0.4707860666666666 0.5668100444444444 0.4654647555555555 0.5385764944444444 0.4868803222222222 0.55335015 0.48923114999999995 0.5376220666666667 0.5037232611111111 0.5444879388888889 0.5100449555555555 0.5591034222222222 0.5105879444444444 0.5611647333333334 0.5113791111111111 0.5747342444444444 0.5101919333333333 0.5996149000000001 0.4912321833333333
0 0.49557345555555554 0.4615929444444445 0.48696974444444446 0.45760930555555557 0.4808072222222222 0.4537764333333334 0.4682775388888889 0.4548726388888889 0.4331862277777778 0.4808958722222222 0.4344360388888889 0.4898949166666666 0.46508983333333337 0.5086310222222222 0.48177350555555554 0.5071713888888889 0.5033734944444445 0.4896930444444445 0.5043260055555556 0.4857036277777778 0.5029079888888889 0.46949562222222224 0.49557345555555554 0.4615929444444445
0 0.5162717222222223 0.49299963333333335 0.4885920055555556 0.5137741277777778 0.48706449444444444 0.5190084666666667 0.5339766666666667 0.5472184166666666 0.5395026666666667 0.5467349555555555 0.5685558388888889 0.5235376388888888 0.5681762388888889 0.5191988166666667 0.5559386777777777 0.51808345 0.5429028722222222 0.5133945722222222 0.532632 0.507006438888889 0.5210102833333333 0.5018295055555556 0.5180241166666667 0.4928463166666667 0.5162717222222223 0.49299963333333335
0 0.6107500388888889 0.5156708111111111 0.6108665666666667 0.5069165666666666 0.6096570944444444 0.4986426611111111 0.6020804722222223 0.4952978388888889 0.5789823611111111 0.5199074666666667 0.53361405 0.5508375166666666 0.5408669277777778 0.5560323444444444 0.5474501611111111 0.5571931944444445 0.5575639388888889 0.5563083555555556 0.60709135 0.5192699277777778 0.6107500388888889 0.5156708111111111
0 0.6472418777777779 0.5256682555555555 0.6398756944444445 0.5172153222222222 0.6331363611111112 0.5123399055555555 0.6165151388888889 0.5221737944444445 0.5952571888888889 0.5400643888888889 0.5992212555555555 0.5582405888888888 0.5999219833333334 0.5581792833333333 0.6093126722222222 0.5508577666666666 0.6109984388888889 0.5572102166666666 0.6149280555555555 0.5568664222222223 0.624828711111111 0.5505932944444444 0.6480271166666667 0.5346435777777778 0.6472418777777779 0.5256682555555555
0 0.6073666444444444 0.5798350666666666 0.60677645 0.5730891111111112 0.5985150166666666 0.5682412 0.5976292888888889 0.5581172944444445 0.5926127111111111 0.5498121388888889 0.5911336222222222 0.5393758055555555 0.5842677611111111 0.5330541166666667 0.5579302222222222 0.5539394666666666 0.5625447055555556 0.5622798055555556 0.5731951777777778 0.57300675 0.5872264388888889 0.5779728833333333 0.5920826055555556 0.5811722444444444 0.6073666444444444 0.5798350666666666
0 0.5083118666666667 0.46581214444444446 0.5146216277777778 0.4652601111111111 0.5347772444444445 0.45147637777777777 0.5398572611111111 0.44562775000000004 0.5396612666666667 0.44338752777777773 0.5326820388888889 0.43307856111111115 0.5205151555555556 0.4272206555555555 0.5134278555555555 0.4183679777777778 0.5107410166666667 0.409859 0.4972549277777778 0.4055738388888889 0.46959819444444445 0.42803195 0.4739596111111111 0.4334797444444444 0.48201073333333333 0.44224809444444446 0.5068318555555555 0.4262317722222222 0.511706811111111 0.4319989722222222 0.48810257777777777 0.4508235111111111 0.5083118666666667 0.46581214444444446
0 0.4541758 0.42242697777777777 0.4521184222222222 0.41863116666666667 0.3980050333333333 0.45506266666666667 0.4017908888888889 0.4639779666666667 0.4226570888888889 0.4621524111111111 0.4554687055555556 0.43720495 0.4541758 0.42242697777777777
0 0.3872524277777778 0.37508709999999995 0.39392849999999996 0.3792393833333333 0.41961854444444446 0.3620540333333333 0.3937312888888889 0.3825356555555556 0.3979029055555556 0.38581404444444445 0.42642114444444446 0.3676525944444444 0.4322673444444444 0.3678697833333333 0.42007821111111115 0.3784089222222222 0.42524528333333333 0.38196455555555553 0.44023097777777775 0.37008773888888885 0.4181357444444444 0.38950893333333336 0.4195243055555556 0.38992839444444444 0.4299783111111111 0.3890137888888889 0.4550679 0.37316171111111107 0.45540830555555556 0.3727717333333333 0.45483970555555553 0.3662725944444445 0.45244432777777777 0.36537586111111114 0.44678792777777776 0.3673280722222222 0.44512818333333337 0.3594578944444444 0.4346526777777778 0.3618317277777778 0.4368165777777777 0.3532626888888889 0.4276919111111111 0.3544253333333333 0.42988744999999995 0.34621786111111114 0.42124468333333337 0.34733834444444445 0.4216391111111111 0.3407457888888889 0.40775859999999997 0.3430531888888889 0.41425969999999995 0.33410469444444446 0.40034755555555557 0.3360505222222222 0.40398882222222227 0.32771656666666665 0.39258113333333333 0.3305362888888889 0.39374173333333334 0.32526275555555556 0.38649114999999995 0.3258971 0.3457428611111111 0.3557655722222222 0.35238729999999996 0.3595562833333333 0.38512362222222224 0.3341034222222222 0.38302298888888886 0.34339559444444445 0.3851404277777778 0.34539635555555553 0.3770912777777778 0.35885231111111116 0.38827012777777775 0.3589672944444445 0.40248180555555557 0.34934421666666665 0.3961705 0.36046212222222224 0.3998918388888889 0.36414423333333334 0.4131080555555555 0.3542439111111111 0.3872524277777778 0.37508709999999995
0 0.3690129888888889 0.40515432222222225 0.35566953888888886 0.4106719 0.3536227777777778 0.40392859444444446 0.3396715833333333 0.41097853333333334 0.3359986833333333 0.4189509166666667 0.33689356111111113 0.41946475555555557 0.3479130277777778 0.4185006777777778 0.34942891666666664 0.41704725555555555 0.3504965222222222 0.41827465 0.3667115277777778 0.4168560222222222 0.3682550722222222 0.4157645166666667 0.36979398888888887 0.4140812444444444 0.3690129888888889 0.40515432222222225
0 0.38285590555555554 0.4433274555555555 0.3834592166666667 0.44278976666666664 0.3816793777777778 0.42244613888888893 0.3655314777777778 0.43000295555555557 0.3661641388888889 0.43723432222222225 0.3720736 0.43817465 0.37542508888888887 0.4439775722222222 0.38285590555555554 0.4433274555555555
0 0.33808607777777777 0.3753395888888889 0.3384581611111111 0.3746252888888889 0.33791041111111114 0.36836453888888887 0.31775091666666666 0.3760256777777778 0.31065278333333335 0.3835690666666667 0.3155225888888889 0.38787381666666665 0.3166540611111111 0.38777482222222226 0.33808607777777777 0.3753395888888889
0 0.43504383888888887 0.39497619444444443 0.4326298055555556 0.39257392222222226 0.41394698333333335 0.4065958666666667 0.4148448 0.40706813333333336 0.42699600555555556 0.4060050388888889 0.43546581666666667 0.39979943333333334 0.43504383888888887 0.39497619444444443
0 0.4746571611111111 0.4015585888888889 0.4529142388888889 0.41558863888888886 0.4572818222222222 0.4200857055555555 0.4611658388888889 0.41974589444444443 0.47377034444444444 0.4097562777777778 0.4752668611111111 0.4085275 0.4746571611111111 0.4015585888888889