0 1 0.09536146666666667 0.9798133777777778 0.09548753333333333 0.9642431 0.10657346666666666 0.9520091111111111 0.11745337222222223 0.9460154 0.13286263333333334 0.9442759833333333 0.14515861666666668 0.9483251277777778 0.15895689444444444 0.9493158944444444 0.17099381111111112 1 0.11219792222222223 1 0.09536146666666667
0 0.9150252333333333 0.18328010555555557 0.9122011000000001 0.17914920555555555 0.8692722888888889 0.17539341666666666 0.8624784166666667 0.18142381666666665 0.8619738555555555 0.18719097777777777 0.8695910777777779 0.18677403333333334 0.9094738888888888 0.18528406111111112 0.9150252333333333 0.18328010555555557
0 0.8064251388888888 0.31095758333333334 0.8216495666666666 0.30382479444444443 0.8386005777777777 0.30729952222222223 0.8420589666666667 0.3012784277777778 0.7799696444444444 0.29584631666666666 0.7785280888888888 0.3123234166666667 0.7879779666666668 0.3163146333333333 0.8064251388888888 0.31095758333333334
0 0.46944444444444444 0.8138888888888889 0.016666666666666666 0.011111111111111112
0 0.42777777777777776 0.7583333333333333 0.011111111111111112 0.005555555555555556
0 0.4111111111111111 0.7666666666666667 0.011111111111111112 0.011111111111111112
0 0.6222222222222222 0.55 0.011111111111111112 0.011111111111111112
0 0.5861111111111111 0.5888888888888889 0.011111111111111112 0.011111111111111112
0 0.55 0.5027777777777778 0.011111111111111112 0.005555555555555556
0 0.5388888888888889 0.5055555555555555 0.011111111111111112 0.005555555555555556
0 0.4888888888888889 0.55 0.011111111111111112 0.011111111111111112
0 0.6222222222222222 0.42777777777777776 0.011111111111111112 0.011111111111111112
0 0.7083333333333334 0.36944444444444446 0.011111111111111112 0.005555555555555556
0 0.7 0.3611111111111111 0.005555555555555556 0.011111111111111112
0 0.7277777777777777 0.35 0.011111111111111112 0.005555555555555556
0 0.7722222222222223 0.3416666666666667 0.005555555555555556 0.005555555555555556