0 0.2972660277777778 0.2069931777777778 0.29498075 0.22285912222222223 0.3047496333333333 0.23063731666666665 0.3148982888888889 0.23116918333333333 0.3221566277777778 0.21750153333333333 0.3332074 0.21468977222222224 0.34169570555555556 0.21222813333333335 0.34756814444444445 0.20420015000000002 0.3448577944444444 0.19350165 0.32173012777777776 0.16322465555555557 0.31963030555555555 0.1623196222222222 0.31342139444444445 0.16199422777777778 0.3096426277777778 0.16501325 0.30130625 0.16457635555555555 0.29473948333333333 0.1719828611111111 0.2972167 0.18712956111111112 0.30688431666666666 0.19684011111111113 0.2972660277777778 0.2069931777777778
0 0.27676622777777776 0.22787281666666667 0.2804827111111111 0.24017797777777777 0.28764778333333335 0.2352249111111111 0.2897891722222222 0.2290397388888889 0.2857102388888889 0.21671558333333335 0.2838313333333333 0.20402230555555556 0.28260138333333334 0.1928163 0.27765616666666665 0.18793574999999998 0.27453560555555556 0.18777220555555554 0.26137663333333333 0.19557927777777778 0.2540553555555556 0.20376917777777778 0.2532186166666667 0.21973507222222222 0.25974830555555556 0.21971471666666664 0.26694670555555555 0.22106080000000003 0.27676622777777776 0.22787281666666667
0 0.2639262 0.17892458333333336 0.2652587277777778 0.16736845 0.26563849444444443 0.16012212222222222 0.2712778111111111 0.15654234444444445 0.27679855000000003 0.1621602388888889 0.2770690388888889 0.15006403333333335 0.27531775555555554 0.14330776111111113 0.26929260555555556 0.14299199444444444 0.2664739722222222 0.14418019999999998 0.2606068 0.15210777222222222 0.2564773833333333 0.15755406111111112 0.2555383277777778 0.17547230555555554 0.2578484833333333 0.18393463333333335 0.2639262 0.17892458333333336
0 0.24338440000000003 0.11381830555555555 0.24208351111111112 0.11375012777777778 0.2412495111111111 0.12966382777777777 0.24796835555555555 0.13371107222222223 0.2570296444444444 0.13418595555555557 0.2611858388888889 0.12423105 0.26016642777777776 0.11594256111111112 0.24945960555555555 0.11912622777777777 0.24338440000000003 0.11381830555555555
0 0.34071396111111113 0.29392983888888885 0.34443174444444447 0.2854052111111111 0.3377983333333333 0.2802134055555555 0.3348273611111111 0.2688164833333333 0.3285481333333333 0.2684874 0.3277091944444444 0.28449529444444444 0.32916613333333333 0.29235581666666666 0.32718400555555555 0.29451641666666667 0.3266471555555555 0.3047601555555556 0.3327620888888889 0.3076505 0.3351979388888889 0.3077781611111111 0.34071396111111113 0.29392983888888885
0 0.5089004 0.44630652222222217 0.5117653833333333 0.4609891333333333 0.5321825722222222 0.4320253944444445 0.5266618333333334 0.4264074944444444 0.5228693999999999 0.4155516055555556 0.5233251166666667 0.40685601111111114 0.5160118055555556 0.40070191111111114 0.5052859666666667 0.40013978888888885 0.4872060888888889 0.4256669777777778 0.48649320555555553 0.43926965 0.48735582777777775 0.44130209444444446 0.48840855555555557 0.4558897277777778 0.4949660166666667 0.46253078888888893 0.5089004 0.44630652222222217
0 0.5462069722222223 0.5301282166666667 0.5468652277777777 0.5175679055555555 0.5428196166666667 0.5115429 0.5385381444444444 0.5030834611111111 0.5303843055555556 0.4960291944444445 0.514136688888889 0.4951776944444444 0.5101829444444445 0.49626885555555555 0.49346907777777776 0.5184656722222222 0.4925925833333333 0.5351901166666667 0.5123870777777778 0.5651713611111111 0.5214242555555555 0.5661063444444444 0.5462069722222223 0.5301282166666667
0 0.4740841333333333 0.4323073777777777 0.45191488888888887 0.46215242222222225 0.45162457777777776 0.46769193333333337 0.4814545555555556 0.5135910111111112 0.4866324 0.5118817555555556 0.5064282277777779 0.48349387777777775 0.5065202944444445 0.4817372 0.4974383611111111 0.4790663611111111 0.49185898888888885 0.4676324 0.48511629999999994 0.4575907277777778 0.47997533333333336 0.4447265 0.4784335611111111 0.43253532222222224 0.4740841333333333 0.4323073777777777
0 0.48921846111111117 0.38944235555555556 0.4804736111111111 0.3898643333333333 0.47700437222222225 0.3936464 0.4417169944444444 0.44443626111111106 0.4411856611111111 0.45457475555555554 0.44257555555555556 0.46111346666666664 0.44802033888888887 0.4681806333333333 0.47734821666666666 0.4217605111111111 0.5011367388888889 0.3978176111111111 0.4975295333333334 0.3903623333333333 0.48921846111111117 0.38944235555555556
0 0.4383321166666667 0.40287175 0.4566355888888889 0.40619906666666666 0.47377339444444444 0.3843296944444444 0.4830212222222222 0.3673754 0.47791357222222225 0.3608103222222222 0.46920871111111107 0.3537436222222222 0.46021145555555554 0.3532721 0.4450810666666667 0.3770130111111111 0.4391572888888889 0.38712656666666667 0.43895084444444443 0.3910657888888889 0.4453582555555555 0.3925288333333334 0.4383689333333333 0.40216931666666667 0.4383321166666667 0.40287175
0 0.4574676611111111 0.4102960888888889 0.4469860722222222 0.4091821222222222 0.43851089444444447 0.40445844999999997 0.42836224444444443 0.4039265833333333 0.42322896666666665 0.3958393666666667 0.4164665277777778 0.3954849611111111 0.41566356666666665 0.41080635555555556 0.4190304611111111 0.4155479111111111 0.42448325000000003 0.4293973111111111 0.4355753555555556 0.43966692777777777 0.4440716555555555 0.4439875277777778 0.4640251166666666 0.41693714444444446 0.4574676611111111 0.4102960888888889
0 0.5734848611111112 0.4905978333333333 0.5583445444444445 0.5159627944444445 0.5673885277777778 0.5237030055555556 0.5729852166666667 0.5278716388888889 0.5944644388888889 0.4994479722222222 0.5897112333333333 0.48611965 0.5811136666666666 0.48373141111111106 0.5720190388888888 0.4769573777777778 0.5657400833333333 0.46500234444444444 0.5551938277777778 0.45838715 0.5529481277777778 0.45826945555555554 0.5472803555555555 0.4635504944444444 0.5342084388888888 0.4841748777777778 0.53387695 0.49050005555555554 0.5495617444444445 0.510173938888889 0.5675510444444445 0.48592711666666666 0.5734848611111112 0.4905978333333333
0 0.5643109166666667 0.54231265 0.5405237611111111 0.5759749333333334 0.539427538888889 0.5968921333333334 0.5484695277777778 0.6003645444444444 0.5829903111111111 0.5450126777777778 0.5791250111111111 0.5430890222222222 0.5643109166666667 0.54231265
0 0.66189195 0.5727552611111111 0.6553171777777778 0.5733795277777778 0.65613535 0.5647029222222222 0.6480095055555556 0.5671835555555556 0.6488529888888889 0.5580238722222223 0.6403646944444444 0.5604855111111111 0.642371488888889 0.549933538888889 0.6344481833333333 0.5485494722222223 0.6362018 0.5428283833333333 0.6352220111111111 0.5404657611111111 0.6287069888888889 0.5401243277777777 0.6283291333333333 0.5404781333333333 0.6133623222222222 0.5661056722222223 0.6128131111111111 0.5765852277777778 0.6132807833333334 0.5779583 0.6319190277777778 0.5551987388888888 0.6205724444444445 0.5705898 0.6243062333333333 0.5756296333333333 0.6344135611111111 0.5630801166666667 0.63483465 0.5689151722222222 0.6176795333333334 0.5980498666666667 0.6211015111111111 0.6021045277777778 0.6406672055555556 0.5755182444444444 0.6243888944444445 0.6017924 0.6287716388888889 0.6083194888888889 0.6486997833333333 0.5817521999999999 0.6392667277777778 0.5953058833333333 0.6430764722222222 0.59889645 0.6539673388888889 0.5922009833333333 0.6448461111111111 0.6067398388888889 0.6453511555555556 0.6179078611111112 0.6585180055555556 0.6093940111111111 0.6605914444444444 0.6114403388888889 0.6698046444444444 0.6090166944444445 0.6455097666666666 0.6426213611111111 0.6495300611111111 0.6491294611111111 0.6779582444444444 0.6073636 0.6783391555555556 0.6000952944444444 0.6731093444444445 0.6014392333333334 0.6755292222222222 0.5899400833333334 0.6673274222222223 0.5938699888888889 0.6687865388888888 0.5798984111111112 0.6600703833333333 0.5867078444444445 0.66189195 0.5727552611111111
0 0.5861785166666666 0.6601964388888889 0.5867232722222222 0.6610728388888889 0.5945626166666667 0.6571239444444444 0.6011213722222222 0.6429352111111111 0.5943107388888889 0.6411250333333334 0.5993592833333333 0.62759715 0.590410538888889 0.6271281666666667 0.588782 0.6287249 0.5877450277777778 0.6303055944444445 0.5868931611111111 0.6465602333333333 0.5881570666666667 0.64758435 0.5867574333333333 0.6491500388888889 0.5861785166666666 0.6601964388888889
0 0.58163595 0.61554195 0.5612425944444445 0.6144731833333333 0.5607262888888889 0.6150948888888889 0.5603359055555556 0.6225438666666666 0.5662522555555556 0.6256907944444444 0.56739825 0.6315638388888889 0.5746472888888888 0.6319437444444445 0.58163595 0.61554195
0 0.6372121222222222 0.6573968333333333 0.6309360666666667 0.6570679222222222 0.6302351833333334 0.6574647055555556 0.6185554944444445 0.6793176444444444 0.61849605 0.6804518833333334 0.6229681333333333 0.6851684888888888 0.6302592 0.6778114166666667 0.6372121222222222 0.6573968333333333
0 0.6023917388888889 0.5609979222222222 0.5964855055555556 0.5696791444444445 0.5958471333333333 0.58186005 0.596350438888889 0.5827408333333334 0.6097118222222222 0.5635800388888889 0.6072267666666668 0.5612513111111112 0.6023917388888889 0.5609979222222222
0 0.59227995 0.5215257277777777 0.59110415 0.5230642166666667 0.5815605111111111 0.5360096722222222 0.5813564555555555 0.5399031888888889 0.5860032111111111 0.5441111611111111 0.5992658944444444 0.5218918444444445 0.59227995 0.5215257277777777