0 0.24274907222222225 0.7711140222222223 0.2511793888888889 0.7485771222222223 0.25161751666666665 0.7234769444444444 0.25143085555555555 0.7234736833333334 0.2036156388888889 0.7677311 0.23182630555555556 0.8000174555555556 0.23998083333333334 0.7875964388888889 0.24274907222222225 0.7711140222222223
0 0.7139962 0.33655555555555555 0.7104619888888889 0.33142517222222223 0.7073037944444445 0.33137004444444446 0.70021535 0.34161352777777776 0.7049556888888889 0.3542596277777778 0.7124065666666667 0.35372845555555554 0.7137220555555555 0.35226144444444446 0.7139962 0.33655555555555555
0 0.7166666666666667 0.3611111111111111 0.016666666666666666 0.005555555555555556
0 0.7333333333333333 0.4083333333333333 0.011111111111111112 0.022222222222222223
0 0.6555555555555556 0.5 0.011111111111111112 0.016666666666666666
0 0.5722222222222222 0.5472222222222223 0.022222222222222223 0.016666666666666666
0 0.48333333333333334 0.6055555555555555 0.011111111111111112 0.011111111111111112
0 0.4222222222222222 0.6583333333333333 0.011111111111111112 0.011111111111111112
0 0.42777777777777776 0.6388888888888888 0.005555555555555556 0.011111111111111112
0 0.4388888888888889 0.6333333333333333 0.005555555555555556 0.011111111111111112
0 0.55 0.44166666666666665 0.011111111111111112 0.016666666666666666
0 0.46111111111111114 0.6166666666666667 0.005555555555555556 0.011111111111111112
0 0.4722222222222222 0.6194444444444445 0.016666666666666666 0.016666666666666666
0 0.5388888888888889 0.5722222222222222 0.011111111111111112 0.011111111111111112
0 0.32222222222222224 0.6722222222222223 0.005555555555555556 0.011111111111111112
0 0.3111111111111111 0.6777777777777778 0.005555555555555556 0.005555555555555556
0 0.14001172777777776 0.8759037944444443 0.1349192111111111 0.8714628166666666 0.12111006666666667 0.8712217777777778 0.11475257777777777 0.8734792055555556 0.1017654111111111 0.8785423499999999 0.07328822222222221 0.8899474055555555 0.05053211666666667 0.9146548444444443 0.05077384444444444 0.9292281777777779 0.05923971666666667 0.9273922666666667 0.06708271111111111 0.9328190055555555 0.07551396111111111 0.9329661722222222 0.10862783333333334 0.9117236000000001 0.1432281 0.8849073666666666 0.1433057722222222 0.8804576555555557 0.14001172777777776 0.8759037944444443