0 0.5074282 0.5223552666666667 0.5082290722222222 0.5223692444444444 0.5445442111111111 0.4946722666666667 0.5453939833333333 0.4459886777777778 0.5406416833333334 0.4360581277777778 0.5011955444444445 0.4830725722222222 0.4971737055555555 0.4901681944444445 0.5074282 0.5223552666666667
0 0.4753534222222222 0.5440210055555555 0.49370119444444444 0.5425323888888889 0.4940137277777778 0.5246271499999999 0.48632325555555556 0.5116805777777778 0.46854275 0.5355563777777778 0.4747302444444444 0.5440101277777778 0.4753534222222222 0.5440210055555555
0 0.3879592722222222 0.6042595611111111 0.4081763611111111 0.6235047277777778 0.4371604333333333 0.5984899555555556 0.4373436333333333 0.5879944 0.4306677333333333 0.5733604944444444 0.4232036722222222 0.5746471277777777 0.4193881777777778 0.5699208666666666 0.4144626888888889 0.5678822555555556 0.3959918777777778 0.5907028833333333 0.3879592722222222 0.6042595611111111
0 0.2609506222222222 0.7458543277777778 0.24995225000000001 0.7466069611111111 0.2368859111111111 0.7643265444444445 0.22432217222222223 0.7735533777777778 0.22308633333333333 0.7834502499999999 0.23639230555555557 0.8010008111111111 0.2504502333333333 0.8012461944444443 0.25148248333333334 0.8010497555555555 0.25721000555555557 0.7977427722222221 0.27300075 0.771736561111111 0.27318827777777777 0.7609928333333333 0.27077084444444444 0.7516934222222221 0.2609506222222222 0.7458543277777778
0 0.16921645 0.7931788888888889 0.1711112111111111 0.80643655 0.17159926666666667 0.81098265 0.17978149999999998 0.8111254666666667 0.20991449444444446 0.7962508055555555 0.22162138333333334 0.7955105444444445 0.22085531666666666 0.7784941277777777 0.22676239444444443 0.7649003444444444 0.22440623333333332 0.7577746111111111 0.16921645 0.7931788888888889
0 0.12943785 0.8247275388888888 0.129816 0.8435917277777777 0.12983530555555556 0.8435920666666668 0.13640755555555556 0.8314614944444445 0.14620104444444446 0.8388323055555555 0.1553684 0.8260424000000001 0.1553787 0.82545205 0.14375637777777778 0.81647595 0.12943785 0.8247275388888888
0 0.22764814444444445 0.8452993944444444 0.23875314444444445 0.8238242611111111 0.23876590555555555 0.8230930000000001 0.22182545555555555 0.8163010555555555 0.21146952777777778 0.8411525499999999 0.21609113333333332 0.8450976666666666 0.22764814444444445 0.8452993944444444
0 0.4531961666666667 0.5560120055555555 0.46424079444444444 0.5604962388888889 0.4670840722222222 0.5605458722222222 0.47128820555555556 0.5532672555555556 0.4713548722222223 0.5494479888888889 0.4633542944444444 0.5424924277777777 0.45924250555555557 0.53443985 0.45317157777777783 0.5371193111111111 0.4531961666666667 0.5560120055555555
0 0.6128341722222223 0.38528508888888885 0.6201389111111111 0.3854125944444445 0.630113911111111 0.36727825 0.6303020333333333 0.3565005222222223 0.61919855 0.3433796444444444 0.6134485166666667 0.34797669444444446 0.59856145 0.36849833333333337 0.6128341722222223 0.38528508888888885
0 0.6129247111111111 0.39706871111111114 0.6034909944444444 0.39223020000000003 0.5953101777777778 0.3939766222222222 0.5899139444444444 0.39860550000000006 0.5722422944444444 0.4162446944444445 0.5622654833333333 0.41937670000000005 0.5555921944444445 0.4362632555555556 0.5584425833333333 0.4556775833333333 0.5677108888888889 0.4525332166666667 0.572585 0.4568157611111111 0.5778059777777778 0.45690689444444443 0.5966609944444444 0.43839703333333335 0.5896912777777777 0.4316630833333333 0.5848965555555555 0.4221332555555556 0.5971719722222222 0.4091229333333333 0.612662711111111 0.41207865 0.6129247111111111 0.39706871111111114
0 0.7496741444444445 0.27723305555555555 0.7562978388888889 0.28348866111111115 0.7648576388888889 0.28033192222222225 0.7672963444444444 0.2624268388888889 0.770913238888889 0.25904127222222223 0.7711758222222221 0.24399775555555556 0.7701222777777778 0.24263927777777777 0.7688948166666667 0.2317548 0.7608293777777777 0.22689095555555558 0.7508937666666666 0.22766213333333332 0.7458188222222222 0.23418585 0.7367071111111111 0.22835912777777778 0.7311379388888889 0.2225942333333333 0.7250167111111111 0.22815506666666666 0.7212516444444445 0.24084162222222222 0.7142405944444445 0.25677767777777777 0.7055819 0.26560036666666664 0.6970138611111112 0.26922926666666663 0.6890308388888888 0.2596437833333333 0.6460256777777778 0.30754071666666666 0.6463715555555556 0.3283282444444444 0.6556542055555555 0.3446634611111111 0.6729139000000001 0.3474389722222222 0.6797326 0.34755799444444446 0.6982491555555556 0.34056914444444447 0.7255516055555555 0.31931959444444447 0.7285587166666667 0.30945364444444445 0.7450604611111111 0.2979340166666667 0.74208645 0.28560212777777777 0.7496741444444445 0.27723305555555555
0 0.8725588111111111 0.16563897777777778 0.8727329 0.15566552222222224 0.8710646277777777 0.15257585 0.8366281833333333 0.0952979611111111 0.8245423277777778 0.0974485388888889 0.8118467222222222 0.11422997777777777 0.7879384611111111 0.14404028333333332 0.7897508055555555 0.16201957222222224 0.7804825 0.16516394444444446 0.7553879944444445 0.18172895 0.7576205277777777 0.1959371222222222 0.7577110444444445 0.21105252222222223 0.7667391722222222 0.22166796666666666 0.7686927944444444 0.2315534 0.7716894888888889 0.23247866666666667 0.7828545444444444 0.23267355555555555 0.7960115999999999 0.2296687166666667 0.8057495444444445 0.21992024999999998 0.8173329333333332 0.20595323333333332 0.8363639055555555 0.19164391111111112 0.8551395277777778 0.1716624611111111 0.8725588111111111 0.16563897777777778
0 1 0.00954893888888889 0.9334157277777777 0.008386705555555556 0.9028658111111112 0.007989666666666666 0.8327064111111112 0.08894639444444444 0.8861695833333333 0.17891290555555556 0.8905132333333333 0.17898872777777777 1 0.07277856111111111 1 0.00954893888888889