0 0.5617589111111111 0.9509361777777777 0.5555473611111111 0.8799378388888889 0.5516017611111111 0.8802830333333332 0.5360891 0.8882128499999999 0.5316314666666666 0.9055323444444444 0.5285775333333333 0.9237248833333334 0.5352298611111111 0.9390765277777777 0.5449010777777777 0.9501806444444444 0.5617589111111111 0.9509361777777777
0 0.5322012555555555 0.73434515 0.5359480833333333 0.7196599277777779 0.5358920166666666 0.71901905 0.5123996166666667 0.7136708777777778 0.5034255944444445 0.6945389388888888 0.4918833166666666 0.6915653444444445 0.4739940388888889 0.7070724 0.4805166722222223 0.7209416111111111 0.5322012555555555 0.73434515
0 0.44722222222222224 0.6305555555555555 0.005555555555555556 0.005555555555555556
0 0.4361111111111111 0.6027777777777777 0.011111111111111112 0.005555555555555556
0 0.46111111111111114 0.6277777777777778 0.011111111111111112 0.005555555555555556
0 0.5027777777777778 0.6361111111111111 0.005555555555555556 0.005555555555555556
0 0.4777777777777778 0.44722222222222224 0.011111111111111112 0.011111111111111112
0 0.3861111111111111 0.45555555555555555 0.011111111111111112 0.005555555555555556
0 0.3416666666666667 0.3194444444444444 0.005555555555555556 0.011111111111111112
0 0.34444444444444444 0.3611111111111111 0.011111111111111112 0.005555555555555556
0 0.36944444444444446 0.40555555555555556 0.011111111111111112 0.011111111111111112
0 0.4722222222222222 0.4 0.005555555555555556 0.016666666666666666
0 0.3972222222222222 0.2 0.005555555555555556 0.005555555555555556
0 0.425 0.2 0.005555555555555556 0.011111111111111112
0 0.4888888888888889 0.15833333333333333 0.022222222222222223 0.005555555555555556
0 0.4638888888888889 0.125 0.016666666666666666 0.011111111111111112
0 0.46944444444444444 0.08611111111111111 0.011111111111111112 0.011111111111111112
0 0.48055555555555557 0.04722222222222222 0.016666666666666666 0.005555555555555556
0 0.5444444444444444 0.011111111111111112 0.016666666666666666 0.011111111111111112
0 0.5555555555555556 0.005555555555555556 0.005555555555555556 0.011111111111111112
0 0.6305555555555555 0.044444444444444446 0.016666666666666666 0.005555555555555556
0 0.48055555555555557 0.14444444444444443 0.022222222222222223 0.022222222222222223
0 0.3416666666666667 0.21388888888888888 0.011111111111111112 0.022222222222222223
0 0.325 0.21388888888888888 0.011111111111111112 0.022222222222222223
0 0.2611111111111111 0.20277777777777778 0.011111111111111112 0.011111111111111112
0 0.5 0.6694444444444444 0.005555555555555556 0.005555555555555556
0 0.4666666666666667 0.65 0.005555555555555556 0.005555555555555556
0 0.4638888888888889 0.6972222222222222 0.005555555555555556 0.011111111111111112
0 0.5527777777777778 0.8722222222222222 0.011111111111111112 0.016666666666666666