0 0.8848108555555555 0.9293570166666667 0.8967909777777778 0.9377086277777777 0.9058724333333333 0.9381845666666666 0.9100489166666667 0.9295763 0.9154073111111111 0.9221104166666666 0.8623135111111111 0.853147238888889 0.8613335222222221 0.8527274666666668 0.8542667833333334 0.8523571166666667 0.8534983055555555 0.8670205444444444 0.8605364000000001 0.8712600944444445 0.8531629166666667 0.8734201833333333 0.8530028277777777 0.8764748444444443 0.860064461111111 0.8960617111111111 0.8727062833333333 0.9154819277777777 0.8848108555555555 0.9293570166666667
0 0.6939917555555556 0.7527289722222222 0.7020746222222222 0.7564627611111111 0.710243988888889 0.7585459888888888 0.7176651444444444 0.7512111611111111 0.7393807833333332 0.7396602055555556 0.7418195888888889 0.732615961111111 0.7399693944444444 0.7295402722222223 0.723886088888889 0.7286973833333333 0.7128952333333334 0.7316517944444445 0.7063291166666666 0.7277772611111112 0.6931412555555556 0.7270861111111111 0.6881966611111111 0.7304582833333334 0.68797005 0.7347822722222221 0.6939917555555556 0.7527289722222222
0 0.3194444444444444 0.23055555555555557 0.011111111111111112 0.016666666666666666
0 0.3055555555555556 0.3111111111111111 0.005555555555555556 0.011111111111111112
0 0.2916666666666667 0.33611111111111114 0.011111111111111112 0.011111111111111112
0 0.25555555555555554 0.18333333333333332 0.011111111111111112 0.016666666666666666
0 0.2361111111111111 0.1388888888888889 0.011111111111111112 0.005555555555555556
0 0.22777777777777777 0.11944444444444445 0.005555555555555556 0.011111111111111112
0 0.28055555555555556 0.21944444444444444 0.011111111111111112 0.016666666666666666
0 0.3111111111111111 0.28888888888888886 0.011111111111111112 0.011111111111111112
0 0.30833333333333335 0.25833333333333336 0.011111111111111112 0.027777777777777776
0 0.30277777777777776 0.22777777777777777 0.022222222222222223 0.022222222222222223
0 0.19166666666666668 0.39166666666666666 0.005555555555555556 0.011111111111111112
0 0.21944444444444444 0.42777777777777776 0.011111111111111112 0.011111111111111112
0 0.5083333333333333 0.5027777777777778 0.005555555555555556 0.016666666666666666
0 0.4638888888888889 0.5777777777777777 0.005555555555555556 0.011111111111111112
0 0.5777777777777777 0.6555555555555556 0.005555555555555556 0.011111111111111112
0 0.6277777777777778 0.6861111111111111 0.005555555555555556 0.016666666666666666
0 0.6194444444444445 0.7027777777777777 0.005555555555555556 0.005555555555555556
0 0.6527777777777778 0.7222222222222222 0.005555555555555556 0.011111111111111112
0 0.6444444444444445 0.7083333333333334 0.011111111111111112 0.011111111111111112
0 0.6777777777777778 0.7 0.011111111111111112 0.005555555555555556
0 0.6777777777777778 0.75 0.005555555555555556 0.005555555555555556
0 0.5972222222222222 0.6833333333333333 0.011111111111111112 0.011111111111111112
0 0.46944444444444444 0.4638888888888889 0.022222222222222223 0.011111111111111112
0 0.4305555555555556 0.41388888888888886 0.011111111111111112 0.011111111111111112
0 0.3972222222222222 0.375 0.005555555555555556 0.016666666666666666
0 0.3416666666666667 0.48055555555555557 0.005555555555555556 0.011111111111111112
0 0.375 0.5194444444444445 0.005555555555555556 0.005555555555555556
0 0.4166666666666667 0.5416666666666666 0.011111111111111112 0.005555555555555556
0 0.8166666666666667 0.8194444444444444 0.022222222222222223 0.016666666666666666
0 0.25303376666666666 0.3702302722222222 0.25067205555555555 0.37447811666666664 0.2501814611111111 0.3838392333333333 0.2656583722222222 0.4028704166666667 0.26992136666666666 0.39261160000000006 0.2557088888888889 0.37037047222222225 0.25303376666666666 0.3702302722222222
0 0.28543318333333334 0.39202115 0.2808256722222222 0.38515931666666664 0.2675328888888889 0.37099013888888893 0.2631797722222222 0.37076200555555555 0.26194083333333334 0.37176067222222225 0.2617012388888889 0.3763324111111111 0.2701507111111111 0.38349647777777773 0.2724059166666667 0.3957519888888889 0.27786785 0.40210690555555556 0.28543318333333334 0.39202115