0 0.5214563444444444 0.4902757277777777 0.5213865333333333 0.48947778333333336 0.4900453111111111 0.45625670555555553 0.4415395944444444 0.46050040555555555 0.4321601944444445 0.4662647 0.48304033333333335 0.5005804 0.49051748333333334 0.5038385111111111 0.5214563444444444 0.4902757277777777
0 0.5463561222222223 0.5199101111111111 0.5429577944444445 0.5018184555555555 0.5251179722222222 0.5033792388888888 0.5130462 0.5123808666666666 0.5386497722222222 0.5275682722222222 0.5464104444444444 0.5205310111111111 0.5463561222222223 0.5199101111111111
0 0.6153998611111111 0.6005288666666667 0.6324263388888889 0.5784108611111112 0.6045189388888889 0.5522003222222222 0.5940617277777778 0.5531152111111111 0.5802058166666667 0.5612841944444444 0.5822656055555556 0.5685728833333333 0.5779640611111111 0.5728615 0.5764514722222221 0.5779731 0.6010778111111111 0.5939573222222222 0.6153998611111111 0.6005288666666667
0 0.7694949777777778 0.7120410666666667 0.7713931333333334 0.7229005166666667 0.79038145 0.7340430777777779 0.8008710055555556 0.7455735222222223 0.8108428388888889 0.7457680833333333 0.8269064055555556 0.7307004722222222 0.825680988888889 0.7166939055555557 0.8253777277777778 0.7156878444444444 0.8214901722222223 0.7103373722222222 0.7939758388888889 0.6973515222222222 0.7832713666666666 0.6982880388888889 0.7742755888888889 0.7016642888888889 0.7694949777777778 0.7120410666666667
0 0.8261491222222221 0.7983259444444444 0.8391360944444445 0.7950557611111111 0.8436062777777777 0.7940951833333333 0.8428930388888888 0.7859428388888888 0.8249501055555555 0.7575297444444444 0.8229901944444445 0.7459643666666667 0.8061470722222221 0.7485049388888888 0.7920103000000001 0.744051161111111 0.7851698888888888 0.7471392499999999 0.8261491222222221 0.7983259444444444
0 0.8616829388888888 0.8345889 0.8804042611111111 0.8322409777777777 0.8804025777777778 0.832221738888889 0.8676514722222223 0.8269534888888889 0.873958211111111 0.8164431888888889 0.8602801166666667 0.8086629611111111 0.8596919277777778 0.8087144222222223 0.8519798555555554 0.8212113388888889 0.8616829388888888 0.8345889
0 0.8718763277777778 0.7347662722222221 0.84935805 0.7259668666666667 0.848629461111111 0.7260306111111111 0.8436454833333333 0.7435882111111111 0.8694433277777778 0.7512897222222221 0.8728837444444445 0.7462810555555556 0.8718763277777778 0.7347662722222221
0 0.5605975 0.5406925888888888 0.5639026888888888 0.5292397333333334 0.5636548444444445 0.5264068444444444 0.55597665 0.5229865611111111 0.5521713388888888 0.5233194833333333 0.5460901666666667 0.5320032888888889 0.5385115055555555 0.5369342777777777 0.5418108722222222 0.5426918666666667 0.5605975 0.5406925888888888
0 0.3741191277777778 0.3997749222222222 0.37348237777777776 0.3924968666666666 0.3544047055555556 0.3844720722222222 0.3436663555555555 0.3854115555555556 0.3317779833333333 0.3978257166666666 0.3369508944444445 0.4030637277777778 0.3589162388888889 0.41572415 0.3741191277777778 0.3997749222222222
0 0.38582873333333334 0.3984531555555556 0.3820028166666667 0.40834095555555555 0.3845948 0.4162944 0.38976238333333335 0.4211772222222222 0.4091521388888889 0.4369082666666667 0.4133098444444444 0.44650304444444444 0.4308014444444444 0.45137465000000004 0.44981147222222223 0.4465105222222222 0.4457155277777778 0.4376216666666667 0.44946512777777775 0.43232661111111115 0.44901002222222225 0.42712470555555554 0.42863067777777775 0.41030778888888886 0.4226621444444445 0.4179432166666666 0.4136857111111111 0.42370781111111105 0.39946352777777777 0.41285958333333334 0.40078383333333334 0.39714474999999994 0.38582873333333334 0.3984531555555556
0 0.2523553388888889 0.2749790833333333 0.2578843111111111 0.26773778333333337 0.25385012777777777 0.25955485 0.23578821111111112 0.2590010888888889 0.2320431222222222 0.2557579 0.21705457222222221 0.2570692277777778 0.21581365555555554 0.258259 0.20511711666666668 0.2606174777777778 0.2011229777777778 0.2691471388888889 0.20292848888888887 0.2789477111111111 0.20994694444444445 0.2833129388888889 0.20510457222222225 0.2929838 0.19995340000000003 0.2991250555555555 0.2061236111111111 0.30463148333333334 0.21913422777777777 0.3070498222222222 0.23571583333333332 0.3123566944444444 0.2453952722222222 0.32004573333333336 0.2498999 0.3281875111111111 0.24120137777777778 0.33712875555555555 0.29333118888888887 0.3748917388888889 0.3139686888888889 0.37237486666666664 0.3292441166666667 0.36143557777777774 0.33020029444444443 0.3439803111111111 0.32960591666666667 0.33718652222222223 0.32071984444444446 0.3195019333333333 0.2967328166666667 0.2945702333333333 0.2866065888888889 0.2926108722222222 0.27342516666666666 0.27740365 0.26147169444444446 0.2816504055555556 0.2523553388888889 0.2749790833333333
0 0.12852764444444445 0.16443234444444446 0.11859062222222223 0.16530172222222222 0.11569226111111111 0.16728381111111112 0.062327733333333336 0.20751878333333332 0.06572984999999999 0.2193136333333333 0.08374640555555556 0.23018555555555556 0.1158925 0.2508468166666667 0.13358385555555555 0.24716505 0.13767980555555553 0.2560539111111111 0.15677715555555555 0.2792794333333333 0.1706741333333333 0.27557397222222224 0.18569726666666667 0.2739039555555556 0.1953108611111111 0.26381567222222224 0.20493793333333332 0.2608394444444444 0.20554489444444443 0.25776245000000003 0.20457164444444445 0.2466381888888889 0.20020797777777777 0.2338673 0.18949502777777777 0.2252016888888889 0.17439372777777779 0.21514170555555556 0.15817351666666668 0.19771071666666667 0.13633893888888887 0.1811265833333333 0.12852764444444445 0.16443234444444446
0 0 0.172704 0.056420899999999996 0.21208299444444445 0.14030614444444445 0.14950863333333334 0.13992751111111112 0.14518085 0.020704372222222222 0.04559979444444444 0 0.04741119444444444 0 0.172704