0 0.6788939777777778 0.25257650555555555 0.6878224111111112 0.2558181666666667 0.7039041777777778 0.25469362222222225 0.7117004444444444 0.2535961666666667 0.7145881555555555 0.2566605444444444 0.7324415777777777 0.2554121111111111 0.7332145166666666 0.25122618333333335 0.7312803333333333 0.22356612222222225 0.7305014055555555 0.22024889444444445 0.7259368388888889 0.20237861666666668 0.6765912333333334 0.24334866666666666 0.6788939777777778 0.25257650555555555
0 0.8914540722222223 0.0758276 0.8701582111111111 0.09719904444444444 0.8480760666666667 0.11917775555555556 0.8390354888888889 0.13803536666666666 0.8292751055555556 0.15252503333333334 0.8372990166666666 0.1701120611111111 0.8399910666666668 0.16992381666666667 0.8636437277777778 0.14625574444444445 0.8968770388888889 0.11189925555555556 0.9059809333333334 0.0937101611111111 0.9058234222222222 0.0914576388888889 0.9010534888888889 0.0768132 0.8914540722222223 0.0758276
0 0.7213809499999999 0.26510416666666664 0.7226772333333334 0.2777161 0.7242517722222223 0.2782612888888889 0.7381549722222223 0.27728908333333335 0.7667633777777777 0.25314438333333333 0.7662974000000001 0.24648060555555557 0.7637836777777778 0.24336135555555558 0.7512801555555555 0.25417684444444444 0.7351703611111111 0.2608262 0.7213809499999999 0.26510416666666664
0 0.6166666666666667 0.3111111111111111 0.005555555555555556 0.005555555555555556
0 0.5694444444444444 0.43333333333333335 0.005555555555555556 0.011111111111111112
0 0.5555555555555556 0.43333333333333335 0.011111111111111112 0.005555555555555556
0 0.5166666666666667 0.4888888888888889 0.011111111111111112 0.011111111111111112
0 0.525 0.4722222222222222 0.011111111111111112 0.005555555555555556
0 0.4722222222222222 0.5388888888888889 0.011111111111111112 0.005555555555555556
0 0.525 0.48055555555555557 0.005555555555555556 0.011111111111111112
0 0.55 0.4444444444444444 0.005555555555555556 0.005555555555555556
0 0.625 0.30277777777777776 0.011111111111111112 0.011111111111111112
0 0.38055555555555554 0.6527777777777778 0.016666666666666666 0.011111111111111112
0 0.4482326388888889 0.5561137222222222 0.44156077222222223 0.5565802611111111 0.43375443333333336 0.5693852277777778 0.43650038888888887 0.5790255555555556 0.4441533333333333 0.5818041277777778 0.4498188388888889 0.5787974833333334 0.4482326388888889 0.5561137222222222
0 0.24711173333333333 0.6680499555555556 0.2518160777777778 0.6677209944444444 0.2560944888888889 0.6607131833333333 0.25989613333333333 0.6502514666666667 0.2595679722222222 0.6455585722222222 0.24268624444444445 0.6467390611111111 0.23402683333333335 0.6473445833333333 0.24711173333333333 0.6680499555555556
0 0.26666666666666666 0.6666666666666666 0.011111111111111112 0.011111111111111112
0 0.2916666666666667 0.7055555555555556 0.011111111111111112 0.011111111111111112