0 0.35316030555555555 0.3519265111111111 0.3525951222222222 0.34114219444444444 0.34021189444444444 0.32632160555555556 0.3322626 0.31680766666666665 0.3296918 0.3230412277777778 0.32890406666666666 0.33960324444444445 0.34751683333333333 0.3522222722222222 0.35316030555555555 0.3519265111111111
0 0.39147020555555556 0.3757183277777778 0.39811285 0.36819815 0.36026077222222225 0.34097893333333334 0.35630391666666666 0.3444595166666667 0.36481016666666666 0.3567027444444445 0.37299925 0.36289393333333336 0.3680366111111111 0.37087776666666666 0.3711477166666667 0.38285205 0.3818712277777778 0.39001380555555554 0.3864605055555555 0.3986004388888889 0.3824964611111111 0.40984211666666664 0.38682582777777774 0.41692033333333334 0.3937449333333333 0.4165577166666667 0.39401671666666666 0.4164104222222222 0.4001166888888889 0.39869337222222223 0.39958445555555555 0.38853769444444447 0.3927480222222222 0.3922022611111111 0.3901938777777778 0.38295727222222226 0.39147020555555556 0.3757183277777778
0 0.325 0.3472222222222222 0.011111111111111112 0.011111111111111112
0 0.30277777777777776 0.32222222222222224 0.011111111111111112 0.011111111111111112
0 0.28888888888888886 0.3138888888888889 0.011111111111111112 0.005555555555555556
0 0.2833333333333333 0.29444444444444445 0.011111111111111112 0.011111111111111112
0 0.16111111111111112 0.19722222222222222 0.011111111111111112 0.011111111111111112
0 0.041666666666666664 0.075 0.005555555555555556 0.016666666666666666
0 0.08611111111111111 0.1361111111111111 0.011111111111111112 0.016666666666666666
0 0.07222222222222222 0.11666666666666667 0.011111111111111112 0.011111111111111112
0 0.044444444444444446 0.11666666666666667 0.016666666666666666 0.011111111111111112
0 0.013888888888888888 0.09444444444444444 0.005555555555555556 0.016666666666666666
0 0.019444444444444445 0.10555555555555556 0.005555555555555556 0.011111111111111112
0 0.21388888888888888 0.24444444444444444 0.011111111111111112 0.016666666666666666
0 0.20555555555555555 0.2361111111111111 0.005555555555555556 0.011111111111111112
0 0.14722222222222223 0.18888888888888888 0.011111111111111112 0.011111111111111112
0 0.058333333333333334 0.12222222222222222 0.011111111111111112 0.011111111111111112
0 0.6591304555555556 0.6137404944444445 0.6542543277777777 0.6233748833333334 0.6535669111111111 0.6339527777777778 0.6609684333333333 0.6417698555555555 0.6668704166666667 0.6414605444444444 0.6690101444444444 0.6363939777777777 0.6738028388888888 0.6318019277777778 0.6734968555555555 0.6259634833333334 0.6706795555555556 0.6208589833333333 0.6665319 0.6128009 0.6591304555555556 0.6137404944444445
0 0.6948302166666667 0.6580217944444444 0.6972831833333334 0.6621194 0.7087393222222222 0.6615190055555555 0.7083136277777778 0.6533962666666666 0.7069256777777778 0.6518709222222222 0.7055522444444444 0.6414606722222221 0.6971810444444444 0.6396926 0.6948501611111111 0.6426058722222222 0.6943977055555556 0.649769 0.6948302166666667 0.6580217944444444
0 0.6861111111111111 0.6444444444444445 0.011111111111111112 0.011111111111111112
0 0.7277777777777777 0.675 0.005555555555555556 0.016666666666666666
0 0.75 0.6861111111111111 0.011111111111111112 0.011111111111111112
0 0.8027777777777778 0.7388888888888889 0.022222222222222223 0.011111111111111112
0 0.9598169611111111 0.8614587222222222 0.9750812 0.8683825111111111 0.9782690555555555 0.8699207388888889 0.9811228 0.8697711833333333 0.9807987333333332 0.8635876388888889 0.9694356611111112 0.8554376611111111 0.9537586333333334 0.8485355055555556 0.9407602055555556 0.8453548444444444 0.9364245944444445 0.8495066722222222 0.9399543333333333 0.8536725333333334 0.9598169611111111 0.8614587222222222
0 0.9711899388888889 0.8925444611111112 0.9710117 0.8891434666666668 0.9584164777777777 0.8825990333333333 0.9488251333333333 0.8654474 0.9421663833333332 0.8647621 0.9408287722222222 0.8708317444444446 0.9630417555555556 0.8929714888888889 0.9711899388888889 0.8925444611111112