0 0.6088631888888889 0.4541975 0.6093992722222222 0.46442666111111114 0.6127932833333334 0.46627285555555553 0.6274954666666667 0.46550235 0.6405516 0.4481782388888889 0.6317791222222222 0.44056640555555554 0.6137208444444444 0.4415128 0.6088631888888889 0.4541975
0 0.4077148388888889 0.4375229222222222 0.42105713333333333 0.4429422444444444 0.42891648888888884 0.44253034999999996 0.45189386666666664 0.427828 0.4289623444444445 0.41661197777777775 0.4074185888888889 0.4318701277777777 0.4077148388888889 0.4375229222222222
0 0.3590239777777777 0.3849982888888889 0.35372812777777773 0.3852758277777778 0.3384926777777778 0.3905069277777778 0.33871612222222225 0.39477046111111114 0.3431126111111111 0.40252170555555555 0.34729699444444445 0.4023024111111111 0.36416261111111115 0.39093788888888886 0.3590239777777777 0.3849982888888889
0 0.28522752777777777 0.32951346111111113 0.31362765 0.37625105 0.33036468888888887 0.37537389444444447 0.3076913888888889 0.33688724999999997 0.3059575 0.3195931833333333 0.28493823333333335 0.32399337222222224 0.28522752777777777 0.32951346111111113
0 0.5206412388888889 0.4821417722222222 0.5257691888888889 0.4694552166666666 0.5293763666666667 0.4593319277777778 0.5185503944444445 0.4580366222222222 0.50534595 0.45872863888888893 0.4985999 0.4721208833333333 0.5206412388888889 0.4821417722222222
0 0.6742023166666666 0.5630676 0.6559214555555555 0.5634047666666666 0.6537941111111111 0.5684680388888889 0.6541557611111111 0.5753687333333334 0.6669882055555556 0.5746962166666667 0.6742023166666666 0.5630676
0 0.6284640833333334 0.6159012611111111 0.6325419888888889 0.6203735888888889 0.6558318111111111 0.6073497111111111 0.6557599888888889 0.6059792611111111 0.6358220222222222 0.6059212055555555 0.6282025888888889 0.6109117388888888 0.6284640833333334 0.6159012611111111
0 0.6368109388888888 0.58646035 0.6379098388888889 0.5758476166666666 0.6249790111111111 0.5659701444444445 0.6208492833333333 0.5767540277777777 0.6214487722222222 0.5881929666666667 0.6368109388888888 0.58646035
0 0.44665753333333336 0.6498348666666667 0.44711378888888886 0.6585406777777778 0.48606258888888887 0.6564994611111111 0.48342905 0.6479077555555556 0.44665753333333336 0.6498348666666667
0 0.8734804611111111 0.7140802666666667 0.8897294777777778 0.7132286888888889 0.8822056 0.702161361111111 0.8723396611111112 0.7047974277777778 0.8726986888888889 0.7116481833333334 0.8734804611111111 0.7140802666666667
0 0.3297311111111111 0.2639324 0.3125440888888889 0.25179443333333335 0.3039584111111111 0.26231278333333335 0.30412468333333337 0.2654854833333333 0.32900557222222226 0.26418153333333333 0.3297311111111111 0.2639324
0 0.4610950222222222 0.1822559888888889 0.46516341111111115 0.1847244666666667 0.4741921444444444 0.18425128888888892 0.4790489722222222 0.17691860555555555 0.4661505888888889 0.16766032777777778 0.46095654999999996 0.17961377222222222 0.4610950222222222 0.1822559888888889