0 0.44318450555555555 0.48291643333333334 0.4178758888888889 0.4894340611111111 0.39500156111111107 0.5164260111111111 0.4105368555555556 0.5271588555555555 0.41775796666666665 0.5276638055555556 0.4620141222222222 0.48572832222222223 0.46230134444444443 0.4816208722222222 0.45466666111111115 0.4766750666666667 0.44318450555555555 0.48291643333333334
0 0.19020077222222223 0.7093013833333334 0.2103485111111111 0.7247869499999999 0.21391066666666667 0.7250360388888889 0.24159136666666667 0.6911609944444445 0.24195463888888888 0.6859659944444444 0.21965167777777775 0.6818872833333334 0.1902104388888889 0.7091631277777778 0.19020077222222223 0.7093013833333334
0 0.0926477 0.8112315722222222 0.10713646666666667 0.7921146722222223 0.13010600555555554 0.8032513499999999 0.14691144444444446 0.8006971777777778 0.1484647222222222 0.7618550944444444 0.15925664444444443 0.7536122722222222 0.1595449611111111 0.7494891555555556 0.1395488388888889 0.7313970555555555 0.12043171666666666 0.7441488055555556 0.12827374444444445 0.7583713555555556 0.12156846111111111 0.7831789944444444 0.09648876666666667 0.7785246666666668 0.07291202777777778 0.7937655722222222 0.0727555611111111 0.7960031833333333 0.07581283888888889 0.8056703388888888 0.08892643333333335 0.8109713555555556 0.0926477 0.8112315722222222
0 0.07655160555555555 0.82135935 0.07363928333333333 0.8090570666666667 0.06140395 0.8102733277777777 0.05159941666666667 0.8162176388888889 0.037192777777777776 0.8089946888888889 0.02218236111111111 0.8183042888888888 0.026140411111111112 0.8288574166666667 0.06345658888888889 0.8314668166666667 0.07338326111111111 0.8285145111111111 0.07610741666666666 0.8277115666666666 0.07655160555555555 0.82135935
0 0.17259515555555555 0.7221469777777778 0.17326453333333333 0.7125744833333333 0.16271946666666667 0.7070529277777777 0.15230767222222222 0.7137835111111112 0.15873285555555555 0.7211776277777777 0.17259515555555555 0.7221469777777778
0 0.2197615722222222 0.6804363944444444 0.20978182222222222 0.6746252277777778 0.2059941777777778 0.6743603666666667 0.18794426666666667 0.6852557888888888 0.19848992222222223 0.6905429833333333 0.20453813333333334 0.6909659166666666 0.2197615722222222 0.6804363944444444
0 0.27599552222222223 0.6150115444444444 0.25639273888888886 0.6333316055555556 0.2789396722222222 0.6349082388888889 0.2799111111111111 0.6210160611111112 0.27599552222222223 0.6150115444444444
0 0.3373769277777778 0.6055798388888889 0.34826895 0.5991592055555556 0.34866426666666667 0.5935059277777778 0.34589126666666664 0.5878435333333333 0.3272660722222222 0.6014584222222222 0.32838708333333333 0.604951211111111 0.3373769277777778 0.6055798388888889
0 0.3622831722222222 0.5580308277777778 0.3722059888888889 0.5634623555555556 0.37859810555555556 0.5639093333333334 0.40256338333333336 0.5394919888888889 0.40292337222222224 0.5343439333333334 0.39338829444444445 0.5239707444444445 0.3625284222222222 0.5545235555555555 0.3622831722222222 0.5580308277777778
0 0.4734521944444445 0.47586711111111113 0.4915525333333333 0.4560828611111111 0.47651142222222226 0.4488155444444445 0.45999986111111113 0.47169435 0.46513353888888886 0.4752854111111111 0.4734521944444445 0.47586711111111113
0 0.48498341666666667 0.4817038944444444 0.5143864222222222 0.45354890555555555 0.5150773222222222 0.4436685111111111 0.5104292388888889 0.44163195555555557 0.4973296888888889 0.45646197222222223 0.4832446333333333 0.4670793833333333 0.48498341666666667 0.4817038944444444
0 0.529294 0.4407881 0.5293225388888889 0.44079009444444445 0.5841668111111111 0.39077375555555555 0.6209541111111111 0.36226848888888885 0.6443475055555555 0.3471461 0.6446507666666667 0.3428093 0.63506195 0.32637614444444446 0.5952872722222222 0.31862240000000003 0.5727607055555555 0.34853924444444445 0.5222963388888888 0.39887843333333334 0.5018764388888889 0.40656665 0.4988118888888889 0.4121535333333333 0.5094283888888889 0.41703959444444444 0.5101544777777778 0.4303501888888889 0.5258044888888889 0.4355882277777777 0.529294 0.4407881
0 0.6159525944444444 0.3187580611111111 0.6221514222222222 0.3191915222222222 0.6343797444444444 0.3013254111111111 0.6369156444444445 0.29414240555555554 0.6370384 0.2923869111111111 0.6142160333333333 0.2907910166666667 0.6005387888888889 0.3113901055555556 0.6159525944444444 0.3187580611111111
0 0.7254941055555556 0.2998403111111111 0.743626511111111 0.28130669444444445 0.74539155 0.2560655 0.73488275 0.24455699444444445 0.72557015 0.2513644388888889 0.7166629777777778 0.2602720777777778 0.7248510277777778 0.26954639444444445 0.7235517333333334 0.2802291388888889 0.6523738944444445 0.31876066666666664 0.6431364222222222 0.3259877277777778 0.6519892944444444 0.33798535555555553 0.6555024888888888 0.3382310222222222 0.7254941055555556 0.2998403111111111
0 0.6496972944444445 0.24706166666666668 0.6191612222222223 0.2855677 0.6434824444444445 0.28726840555555555 0.6675714777777777 0.2615713611111111 0.6780763222222222 0.2598197166666667 0.6951209833333333 0.2581887722222222 0.6967880388888888 0.2343487277777778 0.6737031388888889 0.2354805 0.6496972944444445 0.24706166666666668
0 0.3051982888888889 0.6534517888888889 0.3231976111111111 0.6391274444444445 0.32360760555555557 0.6332642611111111 0.3215197055555556 0.6323166055555556 0.3126106777777778 0.6316936277777778 0.2926457777777778 0.6502038333333333 0.29719639444444446 0.6528922388888888 0.3051982888888889 0.6534517888888889