0 0.5024015833333333 0.9524079444444443 0.5108591277777778 0.9403537444444445 0.5158703333333333 0.924390838888889 0.5109314833333334 0.9066171833333333 0.5046878944444445 0.8898585166666666 0.4884313222222222 0.8835936555555555 0.48447125 0.8836627833333334 0.4857150777777778 0.9549214666666667 0.5024015833333333 0.9524079444444443
0 0.5424712833333333 0.7176947055555556 0.5475084555555556 0.7032196722222223 0.52809625 0.6896675055555556 0.5169280277777778 0.6938313111111111 0.510003 0.7137964777777778 0.48719832777777783 0.7215709777777778 0.48720955555555556 0.7222142055555556 0.4924708833333333 0.7364273333333333 0.5424712833333333 0.7176947055555556
0 0.5666666666666667 0.625 0.005555555555555556 0.005555555555555556
0 0.575 0.5972222222222222 0.011111111111111112 0.005555555555555556
0 0.5527777777777778 0.625 0.011111111111111112 0.005555555555555556
0 0.5111111111111111 0.6361111111111111 0.005555555555555556 0.005555555555555556
0 0.5166666666666667 0.4444444444444444 0.011111111111111112 0.011111111111111112
0 0.6083333333333333 0.4444444444444444 0.011111111111111112 0.005555555555555556
0 0.6388888888888888 0.30277777777777776 0.005555555555555556 0.011111111111111112
0 0.6388888888888888 0.34444444444444444 0.011111111111111112 0.005555555555555556
0 0.6194444444444445 0.39166666666666666 0.011111111111111112 0.011111111111111112
0 0.5166666666666667 0.3972222222222222 0.005555555555555556 0.016666666666666666
0 0.5694444444444444 0.19166666666666668 0.005555555555555556 0.005555555555555556
0 0.5416666666666666 0.19444444444444445 0.005555555555555556 0.011111111111111112
0 0.475 0.15833333333333333 0.022222222222222223 0.005555555555555556
0 0.49722222222222223 0.12222222222222222 0.016666666666666666 0.011111111111111112
0 0.4861111111111111 0.08611111111111111 0.011111111111111112 0.011111111111111112
0 0.4722222222222222 0.04722222222222222 0.016666666666666666 0.005555555555555556
0 0.40555555555555556 0.019444444444444445 0.016666666666666666 0.011111111111111112
0 0.39444444444444443 0.013888888888888888 0.005555555555555556 0.011111111111111112
0 0.32222222222222224 0.06111111111111111 0.016666666666666666 0.005555555555555556
0 0.48333333333333334 0.14444444444444443 0.022222222222222223 0.022222222222222223
0 0.6277777777777778 0.19722222222222222 0.011111111111111112 0.022222222222222223
0 0.6444444444444445 0.19722222222222222 0.011111111111111112 0.022222222222222223
0 0.7055555555555556 0.18055555555555555 0.011111111111111112 0.011111111111111112
0 0.5166666666666667 0.6694444444444444 0.005555555555555556 0.005555555555555556
0 0.55 0.6472222222222223 0.005555555555555556 0.005555555555555556
0 0.5555555555555556 0.6944444444444444 0.005555555555555556 0.011111111111111112
0 0.4861111111111111 0.875 0.011111111111111112 0.016666666666666666