0 0.20019408333333333 0.2761372888888889 0.1846080611111111 0.2745620222222222 0.18383494444444445 0.2587922777777778 0.16638998333333332 0.25373875 0.12944101666666666 0.25345805 0.12131509444444445 0.2716589 0.13018002222222222 0.29199199444444446 0.14443592222222223 0.29778074444444447 0.1948324111111111 0.3004219166666667 0.19896205555555554 0.2996457888888889 0.20019408333333333 0.2761372888888889
0 0.23557120555555555 0.2920514722222222 0.228049 0.28958762222222223 0.21597988333333334 0.2933817111111111 0.21588769444444444 0.2951407888888889 0.21851251666666668 0.31226775 0.2191784888888889 0.3128242 0.23110313333333335 0.31344913888888887 0.23744592222222222 0.30839241111111115 0.23761657222222224 0.30513627777777774 0.23557120555555555 0.2920514722222222
0 0.21851454444444443 0.3324012666666667 0.21469423333333332 0.3421353 0.21091717777777777 0.35104375 0.21178232777777775 0.3513788388888889 0.24067691666666668 0.35289313888888885 0.24166272222222224 0.3340829 0.2312000277777778 0.3338939388888889 0.21851454444444443 0.3324012666666667
0 0.3652385722222222 0.31145465555555557 0.3562198444444445 0.3133502888888889 0.3431124277777778 0.3471352 0.35820494999999997 0.3479261666666667 0.36471915 0.3213658111111111 0.3652385722222222 0.31145465555555557
0 0.3780506555555556 0.3854408555555556 0.3789333833333334 0.3685974277777778 0.37783966666666663 0.3612488111111111 0.3673428777777778 0.36152655000000006 0.35552002222222223 0.3555258888888889 0.34639288333333335 0.35297791666666667 0.33565779444444444 0.36607491666666664 0.33421128333333333 0.3726219388888889 0.3509425388888889 0.3797076888888889 0.35201113333333334 0.3865438166666667 0.37678083888888886 0.3878419444444444 0.3780506555555556 0.3854408555555556
0 0.022246127777777777 0.2371608888888889 0.029954094444444444 0.24171238888888888 0.05448370555555555 0.24299793333333336 0.05743437777777778 0.24020812222222224 0.0577768 0.23367438333333332 0.05454629444444445 0.23140297777777777 0.026109716666666664 0.22660126666666663 0.022246127777777777 0.2371608888888889
0 0.0593952 0.33373979444444446 0.039038333333333335 0.3326729388888889 0.037115883333333335 0.34830141666666664 0.0123359 0.3474166722222222 0.008558855555555555 0.3563251222222222 0.005797216666666666 0.3762895833333333 0.004086977777777777 0.4089228277777778 0.06719429444444444 0.4383753555555555 0.07860881666666666 0.43897356666666665 0.10108955 0.3625839777777778 0.10201446111111111 0.34493565555555555 0.09491928888888888 0.3401547277777778 0.0593952 0.33373979444444446
0 0.08092766666666666 0.4425638 0.09975337777777779 0.45120806666666663 0.10943238888888888 0.4517153222222222 0.1274042 0.39122955 0.1279014111111111 0.3817421722222222 0.10762155 0.36817272222222225 0.10613606111111111 0.3680948722222222 0.100162 0.37030673888888893 0.08092766666666666 0.4425638
0 0.21829010555555556 0.5019257500000001 0.22527786111111112 0.5022919611111111 0.24779976111111113 0.4292847555555555 0.24920969444444446 0.4023816666666667 0.2449900888888889 0.3978895333333333 0.2388683388888889 0.39053194999999996 0.21802165555555555 0.38612799999999997 0.20610933333333334 0.4028886388888889 0.20260122777777778 0.4171922388888889 0.1705296888888889 0.40806075 0.14957054444444445 0.4711210222222222 0.17308643333333332 0.4855991055555555 0.21264423333333332 0.4992621944444444 0.21829010555555556 0.5019257500000001
0 0.34682085555555553 0.45058197777777775 0.34776361666666666 0.4325930666666667 0.29172125555555556 0.4157946444444444 0.2867370722222222 0.41801699999999997 0.27931136111111116 0.4420495277777778 0.28715310555555557 0.4503251111111111 0.29168145 0.46918915 0.3051332222222222 0.47568910555555555 0.3195122888888889 0.4855490777777777 0.3126910222222222 0.5013099111111111 0.32522094444444444 0.5019665777777778 0.34682085555555553 0.45058197777777775
0 0.28813232222222224 0.49921155 0.2887134888888889 0.5091762555555556 0.30075266666666667 0.5110489888888888 0.3115346888888889 0.48697141666666666 0.31176915555555557 0.4824974888888889 0.30267747777777776 0.4785324055555556 0.30003657777777776 0.478394 0.2976275666666667 0.4864635055555555 0.2841758 0.47996355 0.2776910888888889 0.48790223888888884 0.26798245 0.48366808888888885 0.26316455555555557 0.4825877444444444 0.24978946666666665 0.51500095 0.2618643277777778 0.5208989166666667 0.2665895611111111 0.5211465555555556 0.2755213222222222 0.49772278333333336 0.28813232222222224 0.49921155
0 0.3653189111111111 0.5485734611111112 0.37515681111111115 0.5490890444444444 0.3815996277777778 0.5300260444444445 0.3817486888888889 0.5271817888888889 0.3723044722222222 0.5266868388888889 0.3673773111111111 0.5343511888888889 0.33638450555555555 0.5256901611111111 0.3308182333333333 0.5282959333333334 0.32662966111111114 0.5433917222222222 0.3390420333333333 0.54719635 0.34491456111111113 0.5475041111111112 0.3466094111111111 0.5411274 0.3597057 0.5438833833333334 0.3653189111111111 0.5485734611111112
0 0.6489710611111111 0.39813312777777776 0.6762286333333333 0.4035353388888889 0.6774830666666667 0.4036010777777778 0.68349695 0.395527 0.6837493166666667 0.3907114944444444 0.6722425722222223 0.38569314444444447 0.6598408333333333 0.38131785 0.6489710611111111 0.39813312777777776