0 0.3887143277777778 0.4410443722222222 0.3970197222222222 0.4310887833333333 0.3870608277777777 0.42002075 0.37492576111111114 0.43059096666666663 0.3589890777777777 0.41072982222222226 0.3556300333333334 0.40742887222222224 0.3453217 0.40796911111111106 0.3267661055555555 0.4169717555555556 0.3252669833333333 0.41994781111111107 0.3856021166666667 0.4726162611111111 0.4031422055555555 0.4716970222222222 0.41272138333333336 0.4675193277777778 0.41464598888888893 0.4636253333333334 0.4143244 0.45748905 0.4086414555555556 0.4528317777777778 0.3967630611111111 0.4472453888888889 0.3887143277777778 0.4410443722222222
0 0.3351413277777778 0.40430541666666664 0.34515283333333335 0.4058503722222222 0.3578071 0.4051871888888889 0.3720387 0.3936923944444445 0.37162065 0.38571550000000004 0.3589178111111111 0.37387748888888894 0.35268923888888887 0.3742039166666667 0.33524655000000003 0.3852592611111111 0.3204348111111111 0.3868633666666667 0.3217298833333333 0.3905208388888889 0.3351413277777778 0.40430541666666664
0 0.28687473333333335 0.38321628888888887 0.30112673333333334 0.3958309333333333 0.3126806277777778 0.3952254222222222 0.3150961277777778 0.3880620722222222 0.31048923333333334 0.38499208888888886 0.30201294444444443 0.3824229277777778 0.28687473333333335 0.38321628888888887
0 0.2416567777777778 0.3365439777777778 0.2398454388888889 0.3440895944444444 0.25484253333333334 0.35654929444444444 0.2623478388888889 0.36195093888888885 0.2729770222222222 0.3551849888888889 0.2815110444444444 0.3601187888888889 0.29172468888888886 0.3473348666666667 0.2913176055555555 0.33956718333333336 0.28564998333333336 0.3338244722222222 0.2813134 0.33529352222222225 0.27182481666666664 0.3283732222222222 0.24400355555555556 0.32983127777777776 0.24243264444444443 0.3302944166666667 0.2416567777777778 0.3365439777777778
0 0.2506993055555556 0.3127908277777778 0.24350055555555555 0.3172576888888889 0.2552924166666667 0.3211929055555556 0.26123629444444446 0.31881176666666666 0.2676538611111111 0.31392224444444444 0.2651827333333333 0.3120317833333333 0.2506993055555556 0.3127908277777778
0 0.05686901666666667 0.15502711111111112 0.07401130555555556 0.1557844277777778 0.0846379 0.15853892777777778 0.09317191666666667 0.16347273333333334 0.09694897222222222 0.17238118333333333 0.09460907777777779 0.1803684222222222 0.08888154444444445 0.18687749999999997 0.08843017777777777 0.19931896111111108 0.0815157388888889 0.20423453333333336 0.09672917222222223 0.22082216666666668 0.10614575555555555 0.22074259444444444 0.12062511666666666 0.2241230277777778 0.13343081666666667 0.22634939999999998 0.13407688888888888 0.21762307222222224 0.1323707722222222 0.2061225277777778 0.1230608888888889 0.20743829444444445 0.1213764111111111 0.19635054444444444 0.12865862777777778 0.19845246111111112 0.1389631111111111 0.19241685555555554 0.13843540000000001 0.1823475388888889 0.11589030555555555 0.1548314222222222 0.08432353888888888 0.12123574444444445 0.07586511111111112 0.12167902777777778 0.04671542222222222 0.1402439388888889 0.047039927777777775 0.14643583333333335 0.05686901666666667 0.15502711111111112
0 0 0.07872272777777778 0.0005334222222222223 0.07867111111111111 0.0028516722222222224 0.07027107777777777 0.010888122222222222 0.06571063333333334 0.015170133333333334 0.05949381666666667 0.014726272222222224 0.051024433333333334 0.0087277 0.045541427777777775 0 0.045998833333333336 0 0.07872272777777778
0 0 0.12119282222222222 0.0033045055555555552 0.12101963888888889 0.007164094444444444 0.11903303333333333 0.006618294444444444 0.10861856111111111 0 0.1089654111111111 0 0.12119282222222222
0 0 0.14466150555555554 0.011689333333333335 0.15251053888888888 0.019565 0.1554092111111111 0.019846233333333334 0.16077552222222222 0.04467242222222222 0.18182649444444443 0.04815595555555556 0.1746071777777778 0.04466013888888888 0.17106504444444445 0.04948201111111111 0.16832877222222223 0.05250188333333333 0.16278945555555557 0.04703101111111111 0.15314192222222223 0.03878757222222222 0.14322576666666667 0.028343394444444444 0.13342495 0.02508313888888889 0.12990357777777778 0.008427372222222222 0.13077647222222222 0.004750316666666666 0.1359031888888889 0 0.1358117 0 0.14466150555555554
0 0.09092025000000001 0.11385326111111112 0.08446946111111112 0.11708882222222222 0.09262636666666667 0.12535380555555556 0.10583081666666667 0.12466178888888889 0.11121516111111111 0.13265814444444443 0.12434377222222223 0.12576685 0.12403721111111111 0.1199173111111111 0.09925663333333333 0.0939618 0.09947822222222222 0.09262562222222223 0.09575240555555556 0.09282088333333333 0.08294576666666666 0.0985419611111111 0.08043281111111111 0.10322685555555555 0.09092025000000001 0.11385326111111112
0 0.13396054444444444 0.15326351666666668 0.13782412777777778 0.1638231388888889 0.14356395555555557 0.16807552222222222 0.15638194444444445 0.18106335555555553 0.15808805555555555 0.19256389444444444 0.16969750555555554 0.20354543333333336 0.17829642777777777 0.20971761666666666 0.19089807777777779 0.21857751666666667 0.19589526666666665 0.21722924444444444 0.19515272777777778 0.2030607611111111 0.19276203333333336 0.20150881666666665 0.13248460555555555 0.13540126666666666 0.1158865 0.1362711388888889 0.11504724444444445 0.1397672722222222 0.11761575555555556 0.14666942222222223 0.13396054444444444 0.15326351666666668
0 0.16862798888888889 0.2850623222222222 0.17155680555555555 0.2835827166666667 0.17088372222222223 0.27073946111111113 0.15892985555555555 0.2694274222222222 0.15396416666666668 0.26222870555555555 0.14022982777777776 0.2629484888888889 0.13875540555555554 0.26344796111111113 0.1619310388888889 0.28458544444444445 0.16862798888888889 0.2850623222222222
0 0.2165564166666667 0.29301207777777777 0.21651287777777778 0.2921812777777778 0.21343098333333335 0.28692807777777773 0.19510586666666668 0.28788845555555553 0.1955732888888889 0.2959603722222222 0.20065854444444445 0.2994192111111111 0.20943987777777778 0.2985450722222222 0.2165564166666667 0.29301207777777777
0 0.2296153111111111 0.32988697777777776 0.21098445555555553 0.3148721944444444 0.2089567833333333 0.3182898777777778 0.21840875555555556 0.33021233333333333 0.22474914444444447 0.3340193111111111 0.22974051666666667 0.3322760888888889 0.2296153111111111 0.32988697777777776
0 0.2546475888888889 0.28398154999999997 0.26049517222222224 0.28219917222222224 0.2600169944444444 0.2730749722222222 0.24600186666666665 0.2574052111111111 0.2418110611111111 0.25762484444444445 0.24084673888888888 0.26276667777777774 0.2450009111111111 0.26834395 0.24554175 0.2786637833333333 0.2546475888888889 0.28398154999999997
0 0.4250725333333334 0.47611088333333335 0.41376205555555556 0.47670363888888895 0.40855923888888884 0.47905422777777773 0.4001806388888889 0.48653009444444445 0.40815114444444445 0.4923212722222222 0.47170025555555556 0.5469406 0.47870122777777774 0.5436762 0.4964997222222222 0.5393625555555556 0.4963872 0.5372154833333334 0.48905593333333336 0.5307157222222222 0.49381290000000005 0.5267410833333334 0.4811030777777777 0.5158172111111111 0.47010871111111113 0.5060452222222221 0.44069862222222217 0.4922712388888889 0.4250725333333334 0.47611088333333335
0 0.4953454777777778 0.5675484777777778 0.49558345000000004 0.5720892 0.5026399833333333 0.58041185 0.5569318166666667 0.6268238611111111 0.5654751833333334 0.6214089944444444 0.5594324888888889 0.6113775 0.5474459222222222 0.60372715 0.5452328888888889 0.5930810222222221 0.5365041666666667 0.5844320888888889 0.5446271500000001 0.5815228166666667 0.5286471944444445 0.5608360777777778 0.5182153055555556 0.5617967166666666 0.5123024111111111 0.5542419888888889 0.5285700111111111 0.5488362388888889 0.5202421277777778 0.5434445944444444 0.5097571666666667 0.5439940888888889 0.5095824611111112 0.5444502833333333 0.5083707 0.54406675 0.49694885 0.5446653388888889 0.48844973333333336 0.5517667111111112 0.4972689666666667 0.5604109111111111 0.4953454777777778 0.5675484777777778
0 0.5563122277777778 0.6026250388888889 0.5621352777777777 0.6105984 0.5661163777777778 0.6128733333333334 0.5734512055555555 0.6054521666666667 0.5773241388888889 0.6056631222222222 0.5834053833333334 0.6053444222222222 0.583284961111111 0.6030466444444444 0.5693750611111111 0.5853750833333333 0.5680112611111111 0.5854465555555556 0.56151725 0.5882787333333334 0.5635788444444445 0.5960353111111111 0.5570198888888889 0.5972069 0.5563122277777778 0.6026250388888889
0 0.6874686277777778 0.7257659111111111 0.6898471055555555 0.7256412611111112 0.6897377333333333 0.7235542611111111 0.6825912055555555 0.7169151333333333 0.6666235388888889 0.7069898611111111 0.6598331777777777 0.7030243277777778 0.6301045111111111 0.7045823388888889 0.6275387333333333 0.7086242777777778 0.6330961388888889 0.7199229833333334 0.6476846777777777 0.7370400833333334 0.6703429555555556 0.7358526111111112 0.6685366333333334 0.7329669999999999 0.6643392 0.72656415 0.6607135833333333 0.72054525 0.6610474333333334 0.7163884888888888 0.6750184055555556 0.7197955666666667 0.6874686277777778 0.7257659111111111
0 0.64226405 0.67861275 0.63780995 0.6883665 0.6542845388888888 0.6974373500000001 0.6572703555555555 0.6975954611111111 0.6623469166666667 0.6973294055555556 0.6654490333333334 0.6894015555555556 0.6712424166666666 0.6890979388888888 0.6709655611111112 0.6838152333333334 0.6556830777777778 0.6698627444444445 0.6540670444444444 0.669947438888889 0.64226405 0.67861275
0 0.62304225 0.6916654 0.6278769277777778 0.68727275 0.6333536888888889 0.6778793333333334 0.6370010277777778 0.6726441 0.6363727222222222 0.6606553666666667 0.6344943833333333 0.6575371222222223 0.6297296055555556 0.6545333722222222 0.6161423388888889 0.65524545 0.6117233833333333 0.6757015166666667 0.6171942555555555 0.6853490444444444 0.62304225 0.6916654
0 0.6220565333333333 0.6486106944444445 0.6245700777777777 0.6477510111111111 0.6241385388888889 0.6395167888888889 0.6060906555555555 0.6223931555555555 0.6034891111111111 0.6225295000000001 0.6038863 0.6301083888888889 0.6054842444444445 0.6395449611111111 0.6124758777777778 0.6466292333333333 0.6220565333333333 0.6486106944444445