0 0.34314680000000003 0.6355261222222222 0.343487 0.6316376444444445 0.3429997722222222 0.6312604611111111 0.3250964777777778 0.6296941222222222 0.3198166333333333 0.6308753555555555 0.30499142777777777 0.6410306277777778 0.31599353888888887 0.6524496444444444 0.34314680000000003 0.6355261222222222
0 0.38270415555555554 0.6038129055555556 0.40301176111111114 0.5886950222222223 0.40336806666666664 0.5846224166666667 0.36846771666666667 0.5609905166666667 0.36621881111111115 0.5607937611111111 0.35803380555555553 0.5663017444444445 0.34901655 0.5859278277777779 0.3670253888888889 0.5924826611111111 0.38270415555555554 0.6038129055555556
0 0.30804272222222223 0.6543104722222223 0.3082035833333333 0.6524718555555555 0.29924687777777775 0.6449595888888889 0.29341489444444446 0.6436526722222222 0.2796634722222222 0.6424495833333334 0.2566505 0.6691167722222222 0.2753280888888889 0.683199011111111 0.30804272222222223 0.6543104722222223
0 0.2717306 0.6869028055555556 0.27225405 0.6809197666666666 0.26324688888888886 0.6744739777777777 0.25075684444444446 0.6733812388888889 0.21694765 0.7063238222222222 0.23195863333333336 0.7170977166666666 0.2539495333333333 0.7005983888888889 0.2717306 0.6869028055555556
0 0.06540157222222222 0.8356216166666667 0.059657044444444446 0.8373099166666668 0.058922100000000005 0.8457103666666667 0.06964296666666667 0.852125511111111 0.07351289444444445 0.8490275055555555 0.07461523333333334 0.8364277055555556 0.06540157222222222 0.8356216166666667
0 0.0478391 0.8795955777777777 0.05768031666666667 0.8804565722222222 0.06016953888888889 0.8740570222222223 0.060641211111111114 0.8686658 0.048389511111111116 0.8675939111111111 0.0478391 0.8795955777777777
0 0.04803821666666667 0.8852329388888889 0.04811978333333334 0.8843006444444445 0.03701471111111111 0.8833290777777778 0.02655745 0.89416525 0.008828266666666668 0.8995851166666666 0.006247183333333333 0.9063302722222223 0.023414344444444443 0.9073342833333332 0.03622048333333334 0.8975002888888889 0.04803821666666667 0.8852329388888889
0 0 0.8987388277777778 0.003493972222222222 0.8979234055555556 0.003451472222222222 0.8829818944444445 0.026612355555555557 0.8685766333333333 0.04476427777777778 0.858911411111111 0.045006361111111115 0.8561443722222222 0.03173789444444444 0.8549835333333334 0 0.8768953722222222 0 0.8987388277777778
0 0.10995250000000001 0.8205981111111111 0.14563482222222224 0.7895842833333333 0.14565809999999998 0.7893182444444444 0.1347918 0.7859247055555555 0.12949087222222222 0.7854609333333333 0.10988900555555556 0.8061526833333333 0.09197676111111111 0.8060793444444444 0.09710239444444445 0.8159883833333332 0.10995250000000001 0.8205981111111111
0 0.20327766111111112 0.7138415666666666 0.18152111666666665 0.7319547611111111 0.18192615 0.7354756833333334 0.19782364444444442 0.74284165 0.21807904444444443 0.7264572444444445 0.21906195555555555 0.715222511111111 0.20327766111111112 0.7138415666666666
0 0.7443456888888889 0.26997438333333335 0.751492 0.2710975277777778 0.7669819944444445 0.2530672888888889 0.7669859722222223 0.2530218444444444 0.7594514166666667 0.24839134444444444 0.7574474833333332 0.24368489444444444 0.7487929388888889 0.24292771666666668 0.7343910277777778 0.2541656722222222 0.7400159222222222 0.2581432722222222 0.7443456888888889 0.26997438333333335
0 0.8999160722222223 0.10557630555555556 0.8936991277777778 0.1145427888888889 0.8851141888888888 0.12922742222222222 0.8737982111111111 0.13720008333333333 0.8826641111111111 0.1431043888888889 0.8837139666666667 0.14319623888888888 0.8973252166666666 0.13378123333333333 0.9111358222222222 0.1200517111111111 0.9127398888888889 0.11687536666666667 0.9129234222222221 0.11477756666666666 0.9018354666666667 0.10574422777777778 0.8999160722222223 0.10557630555555556
0 0.93556615 0.09395665555555556 0.9332012111111111 0.09823108888888889 0.937080888888889 0.10325102777777777 0.9414490111111111 0.1036331888888889 0.9545794555555555 0.09661595555555556 0.9593882444444445 0.09362505555555554 0.9603198222222221 0.08297706111111111 0.9552013166666667 0.08252925 0.9507040999999999 0.08781215555555556 0.93556615 0.09395665555555556
0 0.95338515 0.07460270555555557 0.9602408055555556 0.07968383333333333 0.9661395666666667 0.08019990555555556 0.9668580888888889 0.0719872 0.9658021999999999 0.06921600555555556 0.9558330277777778 0.06027741111111111 0.9359429166666667 0.05853725 0.9263286611111111 0.0652646 0.9319913555555556 0.06974342777777778 0.95338515 0.07460270555555557
0 0.7814277555555555 0.2290525611111111 0.7815876388888889 0.22906655 0.8010315166666667 0.21836929444444442 0.80317015 0.20909580000000003 0.8021082333333334 0.2085547611111111 0.79105245 0.20758750555555558 0.7708751555555556 0.2217060777777778 0.7814277555555555 0.2290525611111111
0 0.8217668722222222 0.17910447222222223 0.8296799555555555 0.18676774444444447 0.8648868555555556 0.15389523333333333 0.8654746 0.14717727777777778 0.8573425444444445 0.14646581666666666 0.8217668722222222 0.17910447222222223
0 0.6383189333333333 0.35450760000000003 0.6470421388888888 0.36229154444444445 0.6480691111111111 0.36238139444444445 0.6698385333333333 0.3435365 0.6709421722222223 0.3309218666666667 0.6620633833333334 0.3301450722222222 0.6450144944444445 0.3386618111111111 0.6536298277777778 0.3463865277777778 0.6383189333333333 0.35450760000000003
0 0.6327752722222222 0.36104335555555556 0.6258473944444444 0.3604372444444444 0.6195400722222222 0.36740411666666667 0.6339025777777778 0.37182927222222223 0.6347193888888889 0.36249303888888884 0.6327752722222222 0.36104335555555556
0 0.7138623999999999 0.28654141111111114 0.7147107722222222 0.2768444555555556 0.7130321666666666 0.27325971666666665 0.7101487666666667 0.27300745 0.7023851166666667 0.27820375 0.6915980500000001 0.2877164611111111 0.7107410555555556 0.28889332777777776 0.7138623999999999 0.28654141111111114