0 0.7490740388888889 0.21346258333333334 0.7442454833333334 0.20246368333333334 0.7168311777777777 0.23733717777777777 0.7246406333333334 0.23995974444444446 0.7150038333333334 0.24815488888888887 0.7082339666666666 0.2547371722222222 0.7083914611111111 0.25924725 0.7289569055555556 0.25852908888888887 0.7334623166666666 0.2557825444444444 0.7436497222222223 0.24756816666666664 0.75621265 0.24423417777777778 0.7693406111111112 0.24129406666666667 0.7712545111111112 0.232955 0.7490740388888889 0.21346258333333334
0 0.6611111111111111 0.33055555555555555 0.011111111111111112 0.005555555555555556
0 0.65 0.43333333333333335 0.005555555555555556 0.011111111111111112
0 0.6361111111111111 0.4388888888888889 0.011111111111111112 0.011111111111111112
0 0.6166666666666667 0.475 0.011111111111111112 0.011111111111111112
0 0.6083333333333333 0.5 0.011111111111111112 0.011111111111111112
0 0.6194444444444445 0.4861111111111111 0.016666666666666666 0.011111111111111112
0 0.6638888888888889 0.3194444444444444 0.005555555555555556 0.005555555555555556
0 0.5583333333333333 0.5861111111111111 0.022222222222222223 0.022222222222222223
0 0.4527777777777778 0.5722222222222222 0.011111111111111112 0.005555555555555556
0 0.5138888888888888 0.675 0.016666666666666666 0.016666666666666666
0 0.5805555555555556 0.55 0.011111111111111112 0.011111111111111112
0 0.3525679277777778 0.7353413722222222 0.3527826722222222 0.7414909055555556 0.3578114055555556 0.7439998388888889 0.3756095611111111 0.7433783111111112 0.37747235 0.7316659555555556 0.37067755555555554 0.7265262833333334 0.3635074444444445 0.7292583333333333 0.3525679277777778 0.7353413722222222
0 0.43769546111111113 0.7467691666666667 0.43219491666666665 0.74696125 0.42537505000000003 0.7508301055555555 0.4256361888888889 0.7583081666666668 0.43738048333333335 0.75789805 0.4421046 0.7523399388888888 0.4420833055555556 0.7517300166666667 0.43769546111111113 0.7467691666666667
0 0.3890353277777778 0.7373505333333333 0.3892840055555556 0.73644845 0.3889500333333333 0.7294287111111111 0.3809095166666667 0.7334320000000001 0.3803529055555555 0.7350626222222222 0.38044327777777776 0.7376505722222223 0.3890353277777778 0.7373505333333333
0 0.8849813722222223 0.049087283333333336 0.8782814555555556 0.0617296 0.8675434444444444 0.06996319999999999 0.8584284111111111 0.07731290555555556 0.8501669222222222 0.09331865 0.8440789944444446 0.10842126666666665 0.8424114944444445 0.11739707222222222 0.8431241388888889 0.1378045 0.8611029555555556 0.13717666666666667 0.8933184833333333 0.08188508333333333 0.90331835 0.0683003 0.8881779166666667 0.06097039444444445 0.8964971111111112 0.04661708333333334 0.8898465777777778 0.045608494444444446 0.8849813722222223 0.049087283333333336
0 0.7935140944444444 0.1498441222222222 0.7937362555555555 0.1562059888888889 0.8246376333333334 0.1551268888888889 0.8201314055555555 0.14891462777777778 0.7935140944444444 0.1498441222222222