0 0.3917618611111111 0.7963786 0.38189873888888887 0.796550761111111 0.3670485722222222 0.7993897333333333 0.36085725 0.8049944 0.3609356888888889 0.8094880944444444 0.36688098888888887 0.8276707777777778 0.37739684444444443 0.8240144666666668 0.3917618611111111 0.7963786
0 0.35481026666666665 0.7987103611111112 0.3599166944444444 0.7882029722222221 0.3516054722222222 0.7804103277777779 0.34353082222222225 0.7805512722222223 0.3170883888888889 0.7968882666666667 0.31080027222222223 0.8021665111111111 0.3108112888888889 0.8027977055555556 0.3267063722222222 0.8175568888888888 0.35481026666666665 0.7987103611111112
0 0.2916762222222222 0.8857381555555557 0.30143840555555557 0.8840794277777778 0.29606968333333333 0.8722665666666667 0.28097535555555553 0.8594328055555555 0.2803400277777778 0.8594438944444445 0.27849500555555556 0.861355188888889 0.27877983333333334 0.8776729333333334 0.27897818333333335 0.8780220777777777 0.2916762222222222 0.8857381555555557
0 0.6975616555555556 0.41796815000000004 0.6748826 0.40804498333333333 0.6730964388888889 0.4080761611111111 0.65982385 0.4248467444444444 0.6599049333333333 0.42949218333333333 0.6675179555555556 0.43932907222222223 0.6753263777777777 0.43522391666666665 0.6975616555555556 0.41796815000000004
0 0.7080404222222222 0.3222378722222222 0.7151034444444444 0.3276680888888889 0.7292187666666666 0.34081660555555554 0.7491361777777779 0.34543002222222224 0.7555127166666666 0.3319238222222222 0.7882697777777778 0.3144843944444444 0.7812699444444444 0.29228175 0.7567082333333334 0.27326306666666667 0.7492645388888889 0.273393 0.7079644666666667 0.3178865111111111 0.7080404222222222 0.3222378722222222
0 0.6868572944444444 0.3819617722222222 0.6868932722222222 0.38402274999999997 0.6921646777777778 0.38904007777777777 0.6871385222222222 0.39807326111111113 0.6871892388888889 0.40097869999999997 0.6970515888888889 0.4038379944444444 0.711516288888889 0.3991205444444444 0.7178841722222222 0.3851183888888889 0.7229559722222222 0.3726271833333333 0.7108756722222223 0.36241978888888887 0.7033700333333334 0.35754011666666663 0.6918708166666667 0.35774083888888886 0.6896621777777777 0.3593173222222222 0.6938447722222223 0.3716469944444444 0.6868572944444444 0.3819617722222222
0 0.6570967833333333 0.4123242888888889 0.653884561111111 0.40285510555555554 0.6502240666666667 0.40291899999999997 0.6320048 0.42272479444444444 0.6321123555555556 0.42888672222222224 0.6396385888888889 0.43495385 0.6494241555555555 0.42734143888888887 0.6570967833333333 0.4123242888888889
0 0.7909122444444444 0.25321862777777776 0.80731675 0.24598678333333335 0.8231858833333334 0.23407002777777777 0.8231459388888889 0.2317817 0.8214697944444445 0.22341491666666669 0.8068146444444445 0.2172213222222222 0.7904274555555555 0.22544508333333332 0.7844030833333333 0.24048728333333333 0.7845037611111111 0.24625504444444443 0.7909122444444444 0.25321862777777776
0 0.8570471555555556 0.15765502222222222 0.8483499055555555 0.15185354444444446 0.8167598833333334 0.18425080555555556 0.81680025 0.1865634 0.8240186222222222 0.1974240111111111 0.8430066388888889 0.18667432222222222 0.8589838500000001 0.1928448388888889 0.8661508055555557 0.19073530555555557 0.8759108666666667 0.17766615 0.8678400222222222 0.16986931666666666 0.8808181888888889 0.15575177777777777 0.8734439388888889 0.1489846 0.8675644333333333 0.14908722777777778 0.8570471555555556 0.15765502222222222
0 0.9614672000000001 0 0.8601436944444444 0.12309947222222221 0.8603532666666667 0.13510559444444445 0.9482417444444444 0.18240651111111109 0.9937075388888889 0.1351417388888889 0.9928881388888888 0.08819834444444445 0.9900973722222222 0 0.9614672000000001 0
0 0.8042473944444445 0.2790811111111111 0.8017861055555555 0.28138181111111116 0.8021998555555555 0.3050855111111111 0.8412563111111112 0.27793900555555556 0.83997675 0.27736601111111114 0.8095165833333333 0.27789769444444445 0.8042473944444445 0.2790811111111111
0 0.6473112944444444 0.4614112833333333 0.6438787444444445 0.4663305277777777 0.6439453222222222 0.4701448166666667 0.6626967333333333 0.4715609777777778 0.68138175 0.4434528222222222 0.6720927333333333 0.4416305333333333 0.6473112944444444 0.4614112833333333
0 0.5775544833333334 0.49864628333333333 0.5559971388888889 0.5248133277777778 0.5560670111111111 0.5288163111111112 0.5744892666666667 0.5469710277777777 0.6062563388888889 0.5106968000000001 0.5800222 0.49860320555555554 0.5775544833333334 0.49864628333333333
0 0.4920089888888889 0.6279367277777778 0.48013256111111113 0.6350994333333333 0.48018650555555553 0.6381899833333333 0.4861077277777778 0.6458499833333333 0.5049918555555556 0.6291488222222222 0.5018516555555556 0.6277649222222222 0.4920089888888889 0.6279367277777778