0 0.5144424722222222 0.41952927777777776 0.5239632222222222 0.4004521277777778 0.5241143611111111 0.3917933111111111 0.5040824388888888 0.37233675555555557 0.49648223333333336 0.3641777111111111 0.4759612555555555 0.4062447 0.4834814277777778 0.41898884999999997 0.4884215111111111 0.4316879722222222 0.5144424722222222 0.41952927777777776
0 0.5569295777777779 0.42176724444444447 0.5570806222222222 0.41311379444444446 0.5519953222222221 0.4088994777777778 0.5399120944444444 0.4111421722222222 0.48951265555555556 0.48921932777777777 0.4888314222222222 0.5031952555555556 0.48858781111111116 0.5171517833333333 0.50404755 0.5334090611111111 0.5073211 0.5334662 0.5226536277777778 0.5127303333333333 0.5291340222222222 0.4864710444444444 0.5356744444444445 0.45677291111111107 0.5569295777777779 0.42176724444444447
0 0.5488542611111111 0.566075611111111 0.5488503888888889 0.5662974777777778 0.5552258444444444 0.5731971944444444 0.5684484166666667 0.5734279944444445 0.6169680166666667 0.48375395 0.6170263222222222 0.48041337777777776 0.6004218 0.46621890555555556 0.5488542611111111 0.566075611111111
0 0.5925140833333333 0.5849608666666667 0.6101378555555556 0.5567275722222222 0.6104148055555555 0.5408609888888889 0.6045405 0.5280083722222222 0.5887033666666667 0.5481680222222222 0.5696980722222222 0.5845626111111112 0.5925140833333333 0.5849608666666667
0 0.7103121166666667 0.6870322722222222 0.7214856833333333 0.6872273055555556 0.7359458722222223 0.6706900944444444 0.7363052888888889 0.6500991277777778 0.7321008833333332 0.6371415833333334 0.6939766388888889 0.6526918222222222 0.6952793611111111 0.676630788888889 0.7103121166666667 0.6870322722222222
0 0.7847285166666668 0.7408685888888888 0.7626287222222222 0.7187809611111111 0.7578449388888889 0.7464136944444445 0.7654485777777777 0.7543756111111111 0.7831290388888889 0.7764701277777778 0.784271711111111 0.7670390722222222 0.7847285166666668 0.7408685888888888
0 0.7864486222222222 0.7822970666666667 0.797324361111111 0.7941227111111112 0.8008202111111111 0.7941837333333333 0.80612565 0.7883319444444445 0.8065139944444444 0.7660837111111112 0.804980711111111 0.7609179444444444 0.8044839666666668 0.7609092722222223 0.7953126888888888 0.7673351722222221 0.7864486222222222 0.7822970666666667
0 0.8152882277777778 0.7307348055555555 0.8215719888888889 0.7445383388888889 0.8338373166666667 0.7447524277777778 0.8404084944444444 0.7342253888888889 0.8406296888888889 0.7215531222222222 0.8387543888888889 0.71705625 0.83347415 0.7169640833333334 0.8275287166666667 0.7194822055555556 0.8152882277777778 0.7307348055555555
0 0.8368818333333334 0.8059259944444445 0.8552497888888889 0.7977970944444445 0.8556699666666666 0.7737252722222222 0.8334492666666667 0.765311011111111 0.8243850555555555 0.7917386777777777 0.8347711333333333 0.8058891499999999 0.8368818333333334 0.8059259944444445
0 0.8725447 0.7915547722222223 0.8593641500000001 0.8073774777777778 0.8633001833333334 0.8283126388888888 0.8722068444444444 0.8224553722222222 0.8727274055555556 0.7926323055555555 0.8725447 0.7915547722222223
0 0.6508171555555555 0.5359898777777777 0.6376166 0.5529588555555556 0.63805645 0.5770456944444444 0.6283360277777779 0.5917821666666667 0.6307442111111111 0.6022973833333333 0.6370555888888889 0.6024075444444444 0.6428364666666667 0.5989150333333333 0.6517368833333333 0.5818709944444445 0.6713639111111112 0.5506756166666666 0.6715691888888888 0.5389153666666667 0.6697978333333333 0.5328813055555556 0.6508171555555555 0.5359898777777777