0 0.20081974444444445 0.26626351666666664 0.19008862222222223 0.2716610944444445 0.22634908333333334 0.2972126944444445 0.22855933888888888 0.28927668333333334 0.23724760555555555 0.29847137777777777 0.24417517222222224 0.30488747222222223 0.24867082777777777 0.30449415555555553 0.2468773388888889 0.2839944833333333 0.24389876111111114 0.2796389888888889 0.23516247777777777 0.26989545555555555 0.23117556111111112 0.2575242277777778 0.22755241666666667 0.24456813333333333 0.21912461111111112 0.24309328888888887 0.20081974444444445 0.26626351666666664
0 0.32222222222222224 0.3472222222222222 0.005555555555555556 0.011111111111111112
0 0.425 0.3527777777777778 0.011111111111111112 0.005555555555555556
0 0.43333333333333335 0.36666666666666664 0.011111111111111112 0.011111111111111112
0 0.4666666666666667 0.3861111111111111 0.011111111111111112 0.011111111111111112
0 0.49444444444444446 0.39166666666666666 0.011111111111111112 0.011111111111111112
0 0.4777777777777778 0.38333333333333336 0.011111111111111112 0.016666666666666666
0 0.3111111111111111 0.3472222222222222 0.005555555555555556 0.005555555555555556
0 0.5833333333333334 0.4361111111111111 0.022222222222222223 0.022222222222222223
0 0.5722222222222222 0.5444444444444444 0.005555555555555556 0.011111111111111112
0 0.6722222222222223 0.4777777777777778 0.016666666666666666 0.016666666666666666
0 0.5444444444444444 0.4166666666666667 0.011111111111111112 0.011111111111111112
0 0.7427348444444445 0.6349132055555556 0.7488647055555556 0.634376911111111 0.7511070222222223 0.6292237666666667 0.749554861111111 0.6114825277777778 0.7377610666666666 0.6102352666666667 0.73298405 0.6172897444444445 0.7360876111111111 0.6243070444444445 0.7427348444444445 0.6349132055555556
0 0.7496917444444444 0.5493042555555555 0.7501714444444444 0.5547872055555556 0.7543919222222223 0.5613952444444444 0.7618460666666667 0.5607430888888889 0.7608218611111112 0.5490363611111111 0.7550241277777778 0.5446096 0.7544161555555555 0.5446627944444444 0.7496917444444444 0.5493042555555555
0 0.7428326944444446 0.5983906333333333 0.7419188333333333 0.5981895111111111 0.7349261944444444 0.5988904055555556 0.7393448 0.6067103833333334 0.7410023222222222 0.6071808944444445 0.7435819944444445 0.6069552055555556 0.7428326944444446 0.5983906333333333
0 0.02955687222222222 0.13914518333333334 0.042532516666666666 0.14517426666666666 0.05131681666666666 0.15546664444444444 0.05913348888888889 0.16418453333333333 0.07554967222222223 0.17159702777777777 0.09095020555555557 0.17688620555555556 0.10000098333333333 0.1780816611111111 0.12034314444444444 0.17630195 0.11877523333333334 0.15838062777777778 0.0618734 0.12910298888888888 0.04778387777777778 0.1198278 0.04125641111111111 0.13533109999999998 0.026487372222222222 0.12777450555555556 0.025828227777777775 0.1344687111111111 0.02955687222222222 0.13914518333333334
0 0.1349626611111111 0.2252139 0.14130417777777776 0.2246590888888889 0.13860930555555556 0.19385653333333333 0.13264139444444445 0.19868171111111113 0.1349626611111111 0.2252139