0 0.7203902166666667 0.7493142944444445 0.6998623666666667 0.74787885 0.6995475666666666 0.7523806833333334 0.7060835944444445 0.7591952166666667 0.715428511111111 0.7677216888888889 0.7075322888888889 0.7700701166666666 0.7337128277777778 0.8058791111111112 0.7389222999999999 0.7950554222222221 0.7617695333333333 0.7763489722222222 0.7601478333333332 0.7679481888888888 0.7471304777777777 0.7645517055555555 0.7346915500000001 0.7607813111111111 0.7247970333333333 0.7522164 0.7203902166666667 0.7493142944444445
0 0.6555555555555556 0.675 0.011111111111111112 0.005555555555555556
0 0.6472222222222223 0.5722222222222222 0.005555555555555556 0.011111111111111112
0 0.6333333333333333 0.5638888888888889 0.011111111111111112 0.011111111111111112
0 0.6138888888888889 0.5305555555555556 0.011111111111111112 0.011111111111111112
0 0.6083333333333333 0.5055555555555555 0.011111111111111112 0.011111111111111112
0 0.6194444444444445 0.5194444444444445 0.016666666666666666 0.011111111111111112
0 0.6555555555555556 0.6861111111111111 0.005555555555555556 0.005555555555555556
0 0.5611111111111111 0.41388888888888886 0.022222222222222223 0.022222222222222223
0 0.45555555555555555 0.42777777777777776 0.011111111111111112 0.005555555555555556
0 0.5194444444444445 0.325 0.016666666666666666 0.016666666666666666
0 0.5805555555555556 0.4527777777777778 0.011111111111111112 0.011111111111111112
0 0.3664134944444445 0.2511864888888889 0.36130026666666665 0.25351839444444446 0.3608710333333333 0.2596566833333333 0.37159158888888894 0.2661178 0.3786619888888889 0.26909842222222224 0.3856320166666667 0.2641990166666667 0.3841791166666667 0.25242878333333335 0.3664134944444445 0.2511864888888889
0 0.4341743555555555 0.24671832222222223 0.44085504444444445 0.25082282777777776 0.4463455333333333 0.2512067611111111 0.45090383333333334 0.24640206666666667 0.4509464055555556 0.2457932611111111 0.4464191388888889 0.24007366666666666 0.4346963166666667 0.2392539277777778 0.4341743555555555 0.24671832222222223
0 0.3888099944444444 0.2583217277777778 0.38862935555555556 0.26090494999999997 0.3891287222222222 0.2625540055555555 0.39702462777777775 0.2668354611111111 0.39760337777777777 0.25983165555555554 0.39738633888888886 0.2589214444444444 0.3888099944444444 0.2583217277777778
0 0.8784868833333332 0.9315868277777778 0.8482206277777777 0.8752046222222223 0.8302746722222223 0.8739497166666667 0.8288502555555556 0.8943198444444445 0.830203488888889 0.9033483777777778 0.8357606333333334 0.918654261111111 0.8434585 0.9349385777777777 0.8523114833333333 0.942601911111111 0.8627556 0.95120525 0.8690102222222222 0.9640736888888889 0.8737510555555557 0.9677201555555556 0.8804327388888888 0.9669442777777778 0.8726195388888889 0.9523093722222222 0.8880065555555556 0.9455123277777777 0.8784868833333332 0.9315868277777778
0 0.7815590777777778 0.8538358277777778 0.7811150277777779 0.8601860666666667 0.8076836888888889 0.8620439277777778 0.8124039777777778 0.8559927111111111 0.7815590777777778 0.8538358277777778