0 0.45063909444444444 0.6414346111111111 0.4677327055555555 0.6280781166666667 0.4682465055555555 0.6133647222222222 0.46634136111111113 0.61000345 0.4561044 0.6096459722222223 0.4435064111111111 0.6147242666666667 0.4428753222222222 0.6327963111111111 0.45063909444444444 0.6414346111111111
0 0.4415731888888889 0.42206495000000005 0.43592183888888886 0.4088192722222222 0.4302647388888889 0.40862172222222226 0.4153849 0.43042848333333333 0.42699942222222226 0.45316076666666666 0.4412985277777778 0.4299302944444444 0.4415731888888889 0.42206495000000005
0 0.3997984888888889 0.34483773333333334 0.39197169444444446 0.34057719444444445 0.3877049111111111 0.34042819444444444 0.3827405055555556 0.3557526222222222 0.3825554333333333 0.36105250555555557 0.3885838055555556 0.36608669444444447 0.39965225555555556 0.3490253111111111 0.3997984888888889 0.34483773333333334
0 0.37301725 0.3158157555555556 0.3257911277777778 0.2882356388888889 0.32026683333333333 0.2880427277777778 0.31623415 0.30913558888888887 0.33355584444444447 0.3105673888888889 0.3724323333333333 0.33256555 0.37301725 0.3158157555555556
0 0.4699096055555556 0.5262983444444445 0.4825047333333333 0.5209497611111111 0.47210069444444447 0.4990866722222222 0.4588282222222222 0.5060654222222222 0.45836676111111113 0.5192799333333333 0.4598508055555556 0.5300816500000001 0.4699096055555556 0.5262983444444445
0 0.5780476444444445 0.6528169166666667 0.5711416888888888 0.6525757555555555 0.5661163166666666 0.6547911444444444 0.5660982444444445 0.6730751055555556 0.5775991833333334 0.6656591444444444 0.5780476444444445 0.6528169166666667
0 0.6226684333333333 0.6304209944444444 0.6181256166666667 0.6264217611111111 0.6131322888888888 0.6262473888888889 0.6082754944444444 0.6339527555555555 0.6086815055555556 0.6538866722222222 0.610053 0.6539345666666667 0.6226684333333333 0.6304209944444444
0 0.5788514444444444 0.6194913333333333 0.5681412833333334 0.6238086388888889 0.5782429222222222 0.6365651111111111 0.588834861111111 0.6352811611111111 0.5902991055555555 0.6198910944444445 0.5788514444444444 0.6194913333333333
0 0.6475960222222222 0.48085022777777775 0.6562323833333333 0.4833334166666667 0.6575935444444444 0.44435492777777774 0.6488810944444444 0.44405068333333336 0.6475960222222222 0.48085022777777775
0 0.7112644555555556 0.8687087444444443 0.7088009777777777 0.8786191888888889 0.7199979333333333 0.8859487666666667 0.7205657944444445 0.8696873611111111 0.7181204333333333 0.8689481555555555 0.7112644555555556 0.8687087444444443
0 0.26210270555555554 0.3082473611111111 0.2589275833333333 0.3081364833333333 0.24856067777777777 0.31690442222222226 0.26099675555555557 0.33387699444444446 0.26123318333333334 0.33314721666666663 0.26210270555555554 0.3082473611111111
0 0.1841645 0.4706710333333334 0.18162539444444445 0.4666463444444444 0.1789811666666667 0.46655400555555554 0.16712018888888888 0.4719558722222222 0.17660216666666667 0.48469071111111106 0.18384897222222224 0.47970664999999996 0.1841645 0.4706710333333334