0 0.57886775 0.45386598333333333 0.6028174777777778 0.45164414999999997 0.6142961666666668 0.4421350388888889 0.6146882666666666 0.43465332222222225 0.605748038888889 0.42298840555555556 0.5957143222222222 0.42295927222222224 0.6002692222222222 0.43710593333333336 0.5735487833333334 0.44166612222222223 0.5445249555555556 0.43964833333333336 0.5306364833333334 0.44618005555555557 0.5305192888888889 0.44841620555555556 0.5315702388888889 0.45714908888888883 0.5538234944444445 0.4583153333333333 0.57886775 0.45386598333333333
0 0.5053973277777778 0.5058460388888889 0.5193691666666667 0.49763745000000004 0.5277443777777778 0.5020500777777778 0.5386454222222222 0.4961641111111111 0.5378441833333334 0.48618787222222226 0.5474247833333333 0.48023271111111115 0.5575877277777778 0.4757982 0.5687144333333334 0.4626719944444444 0.5689013444444444 0.45910552777777774 0.5640065444444444 0.4588490055555556 0.5503140666666667 0.46299919444444443 0.5403588 0.4634708833333333 0.5265313055555555 0.47466731111111116 0.51731415 0.4736875555555556 0.4989429666666667 0.4831557222222222 0.5030712777777778 0.4928096111111111 0.49267469999999997 0.5017022888888889 0.4987951 0.5055000333333333 0.5053973277777778 0.5058460388888889
0 0.4937889277777778 0.5215298388888889 0.47578118333333336 0.5240630777777778 0.4679995333333333 0.5335895111111111 0.47482064999999996 0.5423911055555556 0.4895791944444445 0.53869415 0.5099091888888889 0.5232249999999999 0.5104225722222222 0.5134290888888889 0.5054448 0.5151867222222222 0.4937889277777778 0.5215298388888889
0 0.4093241888888889 0.6009482944444444 0.4184651722222222 0.6014273555555556 0.4731904277777778 0.5599389611111111 0.4744996611111111 0.5475897611111111 0.45269884444444447 0.5350228444444445 0.44378072777777783 0.5400193055555556 0.4399604055555556 0.5497533388888889 0.4289036 0.5586114111111111 0.4156844 0.57083315 0.4051060888888889 0.5831932888888889 0.4039526222222222 0.5925703722222222 0.4093241888888889 0.6009482944444444
0 0.6282734388888889 0.39516090555555555 0.6287200166666667 0.39548233888888884 0.6400098222222222 0.3960740111111111 0.6431098611111111 0.3899779 0.66511515 0.38864758888888884 0.6672602222222223 0.3868867888888889 0.6676032666666667 0.3803411722222222 0.6597599722222222 0.3754524111111111 0.6450533500000001 0.37815865555555556 0.6508543388888889 0.3685284222222222 0.6364852055555555 0.3647950888888889 0.6237185444444445 0.3810142444444445 0.6157958722222222 0.3805990388888889 0.6048688666666666 0.38698035000000003 0.6127520555555556 0.39464548888888884 0.6272392444444445 0.39540473333333337 0.6282734388888889 0.39516090555555555
0 0.7171340833333334 0.34875585 0.7152684722222222 0.3590890388888889 0.7204464222222222 0.3613472555555556 0.7296200277777778 0.3618280222222222 0.7446038333333334 0.35516260555555557 0.7469741111111111 0.3519803444444444 0.7472150777777778 0.3473823277777778 0.7361227722222221 0.34230031666666666 0.7171340833333334 0.34875585
0 0.7635016333333333 0.34691414444444446 0.7925717777777779 0.33113929444444445 0.7931214722222222 0.32065055555555555 0.7806109888888888 0.3199949111111111 0.7480806555555556 0.33865528333333333 0.7565161333333332 0.34654805 0.7635016333333333 0.34691414444444446
0 0.8217470722222221 0.29115590555555554 0.8052415055555555 0.2902908833333333 0.7999968999999999 0.30193712777777776 0.7901347 0.31582493333333334 0.8003827722222222 0.319839 0.8162281166666667 0.32066941666666665 0.8185722277777777 0.31383829444444444 0.8215715777777777 0.30854912777777777 0.8222646333333333 0.29532485 0.8217470722222221 0.29115590555555554
0 0.6841510000000001 0.37613463333333336 0.6901825 0.37411086666666665 0.6904697777777777 0.3686292611111111 0.6868155222222222 0.3651479166666667 0.6697161277777778 0.3642517722222222 0.6653926666666666 0.3750522055555556 0.6670380222222222 0.3752377777777778 0.6841510000000001 0.37613463333333336
0 0.6898820722222223 0.3374927277777778 0.6983707166666666 0.3240221611111111 0.6990863277777778 0.3103674833333333 0.6808504555555556 0.30870679444444443 0.6814699722222223 0.32215049444444444 0.6732636611111111 0.33662179444444446 0.6898820722222223 0.3374927277777778
0 0.690783 0.3764822 0.6759589777777778 0.38563955555555557 0.6671164833333333 0.3901432611111111 0.6540011277777777 0.40038359444444444 0.6617020111111112 0.4083372111111111 0.66851835 0.4086944388888889 0.7060254722222222 0.3902643055555555 0.7063533666666667 0.38400776666666664 0.7040777333333333 0.3796625055555556 0.6983388944444445 0.3768781888888889 0.690783 0.3764822
0 0.7196813055555555 0.29271116666666663 0.7344283555555555 0.2729122 0.7350341166666666 0.2613535444444445 0.7328062 0.25912585555555556 0.7213687277777778 0.2605132888888889 0.6983872111111111 0.28215765 0.7196813055555555 0.29271116666666663
0 0.6963964722222222 0.35059964444444447 0.68472015 0.34601401111111113 0.6769931555555555 0.34362220555555556 0.6729512 0.3558281888888889 0.6815340999999999 0.356278 0.6929543888888889 0.35990646111111113 0.7020283611111111 0.3603820055555556 0.7021972055555555 0.35716026111111115 0.6963964722222222 0.35059964444444447
0 0.21605043333333332 0.7266701111111111 0.23269837777777777 0.7174363055555555 0.23290375555555556 0.7135174777777777 0.22102422222222223 0.7075589888888889 0.2195627611111111 0.69754815 0.2048501222222222 0.7017442166666666 0.1863551611111111 0.7121993222222222 0.17308404444444445 0.7254117611111112 0.18257201666666667 0.7338564055555555 0.19151410555555554 0.7453023833333333 0.20048452777777778 0.7457725055555555 0.2010842111111111 0.7343298777777778 0.21605043333333332 0.7266701111111111
0 0.16113578888888888 0.8191112833333334 0.17230765555555555 0.8206901944444444 0.2062263888888889 0.7812406611111111 0.19323416111111108 0.7750959388888888 0.17499277777777777 0.7820873444444445 0.1520891388888889 0.8022456555555555 0.16113578888888888 0.8191112833333334
0 0.13531959999999998 0.7529373333333333 0.1301528777777778 0.7630975166666667 0.12065015555555555 0.7675666277777777 0.12682155555555555 0.7752910722222222 0.13816363888888888 0.7758854833333334 0.15182274444444444 0.7745102333333334 0.1531035 0.7500720277777778 0.1454553111111111 0.7499915388888889 0.13531959999999998 0.7529373333333333
0 0 0.9057127666666667 0.010883727777777777 0.9120198611111111 0.024826283333333334 0.9112604277777778 0.04569545 0.8888074166666666 0.045724405555555556 0.8882549055555556 0.02716271111111111 0.8666787499999999 0.005490422222222222 0.8759739166666667 0.004867372222222222 0.887862361111111 0 0.8974338833333333 0 0.9057127666666667
0 0.12744968333333334 0.7884372000000001 0.11324752777777777 0.7941501555555555 0.09526575000000001 0.7961880444444445 0.09517312777777778 0.8105878555555555 0.11988692777777779 0.8064192111111111 0.13902344444444445 0.8064318888888888 0.13904117777777777 0.8060934888888889 0.1368031388888889 0.7889273944444445 0.12744968333333334 0.7884372000000001
0 0.11357769999999999 0.774596988888889 0.11892144444444444 0.7653937222222222 0.1193495 0.7572259611111111 0.11253123333333333 0.7542266055555555 0.09517185555555556 0.7677215000000001 0.10621141666666666 0.7742109388888889 0.11357769999999999 0.774596988888889
0 0.25047542222222224 0.6571960055555556 0.22373953333333335 0.6760776555555555 0.22370594444444442 0.6767186388888888 0.24006409444444443 0.6790024333333333 0.23436695 0.6866512555555556 0.24388947222222224 0.6924154666666666 0.25127641666666667 0.6928026 0.26213769444444446 0.6864596666666667 0.2632902277777778 0.6644680277777778 0.25047542222222224 0.6571960055555556
0 0.30715040555555556 0.67928965 0.30912038333333336 0.6847077111111111 0.3177112888888889 0.6851579444444444 0.3294627555555556 0.6756425222222222 0.32968152777777776 0.6714680333333333 0.3193347166666667 0.6615498333333333 0.3097022 0.6684957055555556 0.30715040555555556 0.67928965
0 0.31540528333333334 0.6254196777777777 0.30221355555555557 0.6194750944444445 0.2658723055555555 0.6434989166666666 0.29862266666666665 0.6452152944444444 0.3151008888888889 0.6312278888888889 0.31540528333333334 0.6254196777777777