0 0.5913034222222222 0.5321185833333334 0.63499885 0.5153420722222222 0.6275332555555555 0.5070596777777777 0.6098966333333333 0.4854082333333333 0.6012575944444444 0.4848041333333333 0.58142325 0.4926259722222222 0.5670429444444445 0.5174882111111111 0.579263188888889 0.5235163 0.5913034222222222 0.5321185833333334
0 0.4958434944444444 0.5108475944444445 0.5098256166666667 0.5113870333333334 0.5919982666666667 0.46798425000000005 0.5952855444444445 0.4561424722222222 0.5915304833333334 0.45070921666666663 0.5828968 0.4501054944444445 0.5461718277777778 0.46822879444444443 0.5160166722222221 0.47215596666666665 0.48929250555555553 0.4763230555555556 0.46729922222222225 0.4897899888888889 0.4670708388888889 0.4930560611111111 0.48191885000000007 0.5098738833333333 0.4958434944444444 0.5108475944444445
0 0.43189459444444445 0.43860475 0.4382124 0.4455572944444444 0.4384337555555555 0.4455727722222222 0.5424048833333334 0.40290455 0.5297116055555555 0.3851260833333333 0.5263786666666667 0.3848930222222222 0.43281709444444444 0.4254123777777778 0.43189459444444445 0.43860475
0 0.4218337611111111 0.42319703333333336 0.45974627777777777 0.4074360555555555 0.4812095111111111 0.3934162222222222 0.46891778333333334 0.38644408888888887 0.4530874388888889 0.3853371222222222 0.42342556666666664 0.4004331333333333 0.4218337611111111 0.42319703333333336
0 0.35052347222222224 0.25007535 0.3327889 0.26303920000000003 0.33200935 0.2741872444444444 0.3410610611111111 0.29006935 0.3647953944444445 0.29345353333333335 0.38360920555555555 0.25682965555555554 0.3710674055555556 0.25151192222222224 0.35052347222222224 0.25007535
0 0.25875299999999996 0.19353603888888887 0.24925824444444444 0.19385239444444444 0.26972773333333333 0.2133912388888889 0.27699665 0.22165987222222225 0.30494116666666665 0.21930263888888887 0.28486371666666666 0.19536187777777778 0.25875299999999996 0.19353603888888887
0 0.26665575 0.17343933888888888 0.2616432722222222 0.1714616611111111 0.23944585555555556 0.16990946666666668 0.23315393333333334 0.17468469444444445 0.23291003888888887 0.1781725611111111 0.24374279999999998 0.19003759444444443 0.25942031666666665 0.18251126666666664 0.26662109444444443 0.17393494444444443 0.26665575 0.17343933888888888
0 0.31329410555555554 0.14361697222222222 0.3089777888888889 0.14135688333333332 0.2963344666666667 0.14047277777777778 0.2852747666666667 0.14610145555555556 0.28441905 0.15833876666666666 0.29762238888888887 0.16580167777777777 0.30989900000000004 0.15458849444444445 0.31292571666666663 0.14888515555555554 0.31329410555555554 0.14361697222222222
0 0.22445207777777776 0.13984277222222222 0.23764349444444446 0.15142262222222222 0.26476059444444444 0.1446962333333333 0.2583150166666667 0.12182673333333334 0.23429817777777778 0.12014731666666667 0.22459933333333335 0.1377369 0.22445207777777776 0.13984277222222222
0 0.22511283333333335 0.11521362777777777 0.24202408888888888 0.10346227222222222 0.24096658333333332 0.10318634444444444 0.21121163333333332 0.10110567777777778 0.20460038888888887 0.10946795555555557 0.22511283333333335 0.11521362777777777
0 0.41975231111111105 0.3641529888888889 0.4352799 0.35575392222222224 0.45923674444444446 0.35829140555555555 0.4772916555555555 0.3466200277777778 0.4820426722222222 0.3279825055555555 0.47618595555555554 0.3256919888888889 0.4644525722222222 0.3248715111111111 0.4316652888888889 0.3417049944444444 0.4139103888888889 0.34908605555555555 0.40992732777777774 0.35454054444444444 0.40948700000000005 0.36083750555555555 0.41975231111111105 0.3641529888888889