0 0.6495453444444445 0.35645055 0.6494091222222222 0.36035150555555556 0.6499154277777778 0.3607026722222222 0.6678761555555556 0.36132987222222224 0.6730869444444444 0.3598739388888889 0.68736035 0.3489566888888889 0.6757756888888888 0.33812912777777776 0.6495453444444445 0.35645055
0 0.6117019444444445 0.39019057777777777 0.5922133833333334 0.4063505555555556 0.5920707055555555 0.41043622777777783 0.6281600277777778 0.4322092 0.6304161444444445 0.43228798888888886 0.6383016722222222 0.42635918333333334 0.6462794222222222 0.4062880666666666 0.6279522055555555 0.40068472777777775 0.6117019444444445 0.39019057777777777
0 0.6836182222222222 0.3358547333333333 0.6835538055555556 0.3376992555555555 0.6928913944444445 0.3447324666666667 0.6987837888888889 0.3457323666666667 0.7125793333333335 0.3462141166666667 0.7341651111111112 0.31837906666666665 0.7147761111111111 0.30529363333333337 0.6836182222222222 0.3358547333333333
0 0.7181748277777777 0.3014066444444445 0.7179652222222223 0.3074088777777778 0.7272973833333334 0.3133744333333333 0.7398275055555555 0.31381199444444446 0.7718662833333334 0.2791451222222222 0.7563120111111112 0.2691716055555555 0.7352147499999999 0.28679923888888886 0.7181748277777777 0.3014066444444445
0 0.91643775 0.14209321666666666 0.9220860444444445 0.14010658888888888 0.9223803333333334 0.13167918333333334 0.9113384166666667 0.12583391666666666 0.9076359333333334 0.12913021666666666 0.9071945277777778 0.14177043888888888 0.91643775 0.14209321666666666
0 0.9316747277777777 0.09726037222222222 0.9218019444444445 0.09691560555555555 0.9196510555555556 0.1034366611111111 0.919462188888889 0.10884518333333333 0.9317531944444445 0.10927439444444445 0.9316747277777777 0.09726037222222222
0 0.93118085 0.09164115555555556 0.9311481888888888 0.09257643888888888 0.9422888888888888 0.09296548333333333 0.9521647 0.08159687222222221 0.9695859277777777 0.07525656111111112 0.9718104611111111 0.06838556666666668 0.9546142833333333 0.06828138888888889 0.9423403611111111 0.07877212777777778 0.93118085 0.09164115555555556
0 0.9534490722222222 0.10715329444444445 0.9358278666666666 0.11775527222222222 0.9357309277777778 0.12053118333333335 0.9490419666666666 0.12099601666666666 0.9836664555555557 0.09431115555555555 0.9892119333333332 0.08705979444444445 0.9857149777777778 0.07353665555555557 0.9749998777777777 0.07663681666666666 0.9758243 0.09155562777777777 0.9534490722222222 0.10715329444444445
0 0.8727341444444445 0.15942775 0.8387238611111111 0.19226653888888887 0.8387145444444444 0.19253343333333334 0.8497435555555556 0.19535362222222222 0.8550614833333333 0.19553933333333334 0.8735535666666667 0.17385005555555555 0.8914451055555556 0.17298583888888888 0.8858078944444445 0.16335863333333334 0.8727341444444445 0.15942775
0 0.785124088888889 0.27092225 0.8059028444444445 0.25169522777777775 0.8053140944444445 0.24820032777777778 0.7890528833333333 0.24167647222222222 0.7696827333333333 0.2590985 0.76928915 0.2703692833333333 0.785124088888889 0.27092225
0 0.2680277888888889 0.7424984388888889 0.2608324888888889 0.7417508444444445 0.24630735555555555 0.7605670555555556 0.2463057611111111 0.7606126444444445 0.2540723277777778 0.7648424722222222 0.2563198388888889 0.7694375944444444 0.2650021444444445 0.7697407888888889 0.27879617222222225 0.7577645 0.2729708111111111 0.7540867333333333 0.2680277888888889 0.7424984388888889
0 0.12127453888888888 0.9148131444444445 0.12701369444444444 0.9055335777777779 0.13481833333333332 0.8904197666666666 0.14570154444444444 0.8818657999999999 0.1365387888888889 0.8764335888888889 0.13548556666666667 0.8763968111111111 0.1223857111111111 0.8865112722222221 0.10931258333333334 0.9009447666666668 0.10787695 0.904200711111111 0.10780345555555555 0.9063052444444444 0.1193489888888889 0.9147458999999999 0.12127453888888888 0.9148131444444445
0 0.08628145 0.9282826444444445 0.08841943333333332 0.9238902999999999 0.08428235555555555 0.9190802888888888 0.0799002111111111 0.918927261111111 0.06715502222222222 0.9266220722222223 0.06250935555555555 0.9298605444444444 0.06213632222222222 0.9405427 0.06727124999999999 0.9407220166666667 0.07148581666666667 0.9352109833333333 0.08628145 0.9282826444444445
0 0.06949977222222223 0.9485426499999999 0.06238758888888889 0.9438272833333333 0.056469899999999996 0.9436206333333332 0.05618218333333333 0.9518596888888889 0.05738165555555555 0.9545718222222221 0.06780497777777778 0.9629764222222222 0.0877589 0.9636732277777779 0.0970079 0.9564519333333333 0.09111856111111111 0.9522756 0.06949977222222223 0.9485426499999999
0 0.23313822777777776 0.7853049055555555 0.23297782777777776 0.7852992999999999 0.21412045 0.7969995111111111 0.21247008333333334 0.8063722222222222 0.2135588611111111 0.8068569444444444 0.22465011666666668 0.8072442611111111 0.24406085000000002 0.7920890388888889 0.23313822777777776 0.7853049055555555
0 0.19546847222222222 0.8372957277777778 0.18716517222222223 0.8300570944444445 0.15372693333333334 0.8647271444444445 0.15349158333333335 0.8714666500000001 0.16164972777777778 0.8717515388888889 0.19546847222222222 0.8372957277777778
0 0.36948511111111115 0.6525320611111111 0.3603664833333333 0.6452153222222222 0.3593362166666667 0.6451793444444445 0.33858288888888893 0.6651377333333333 0.3381409611111111 0.677792838888889 0.34704823888888886 0.678103888888889 0.3636280277777778 0.6687065555555556 0.35462022777777774 0.6614433166666667 0.36948511111111115 0.6525320611111111
0 0.37467912222222216 0.6457151277777778 0.3816292277777778 0.6459578333333333 0.38756328333333334 0.6386704111111111 0.3729888722222222 0.6350029944444444 0.3726617944444444 0.6443691777777778 0.37467912222222216 0.6457151277777778
0 0.2976022555555556 0.7243587444444444 0.2972625388888889 0.7340868111111111 0.2991264611111111 0.7375787833333334 0.30201910555555556 0.7376798 0.3095001666666667 0.7320843055555555 0.3197745888888889 0.7220200777777778 0.3005962277777778 0.7218466888888888 0.2976022555555556 0.7243587444444444