0 0.6454882333333334 0.3505984277777778 0.6562610388888889 0.3498451222222222 0.6708632555555556 0.3372051277777778 0.6802370111111111 0.32909099999999997 0.6739595333333332 0.3266293777777778 0.6573862888888888 0.32613081666666666 0.6450940222222222 0.3449609777777778 0.6454882333333334 0.3505984277777778
0 0.6223686388888888 0.3893177222222222 0.6300036 0.3958281111111111 0.6565580611111111 0.3575067555555555 0.6530089555555556 0.3536112444444445 0.6409160444444444 0.3623298777777778 0.6348687166666667 0.3706257611111111 0.6267994888888889 0.36580321666666665 0.6148813277777778 0.3691228277777778 0.6079078111111111 0.3799696944444444 0.5994025777777778 0.3847081333333333 0.5880934277777778 0.38094088333333337 0.5810918555555555 0.38539312777777773 0.5815751666666666 0.39230485000000004 0.5817271833333333 0.39257402222222226 0.5995479944444444 0.3983638555555556 0.6096928388888888 0.39765446111111113 0.6059095166666667 0.39088302777777784 0.6151085222222222 0.38816792222222224 0.6223686388888888 0.3893177222222222
0 0.65 0.32222222222222224 0.011111111111111112 0.011111111111111112
0 0.675 0.2972222222222222 0.011111111111111112 0.011111111111111112
0 0.6833333333333333 0.2861111111111111 0.005555555555555556 0.011111111111111112
0 0.7027777777777777 0.28055555555555556 0.011111111111111112 0.011111111111111112
0 0.7972222222222223 0.15555555555555556 0.011111111111111112 0.011111111111111112
0 0.9166666666666666 0.03333333333333333 0.016666666666666666 0.005555555555555556
0 0.8583333333333333 0.08055555555555556 0.016666666666666666 0.011111111111111112
0 0.875 0.06388888888888888 0.011111111111111112 0.011111111111111112
0 0.875 0.03611111111111111 0.011111111111111112 0.016666666666666666
0 0.8972222222222223 0.008333333333333333 0.016666666666666666 0.005555555555555556
0 0.8861111111111111 0.013888888888888888 0.011111111111111112 0.005555555555555556
0 0.75 0.20833333333333334 0.016666666666666666 0.011111111111111112
0 0.7583333333333333 0.2 0.011111111111111112 0.005555555555555556
0 0.8027777777777778 0.14166666666666666 0.011111111111111112 0.011111111111111112
0 0.8694444444444445 0.05 0.011111111111111112 0.011111111111111112
0 0.38905403888888884 0.6610912666666666 0.37933601666666666 0.6563840222222223 0.3687477333333334 0.6558813222222223 0.36106102777777777 0.6634181444444445 0.36147328888888886 0.6693138277777778 0.36657642777777777 0.6713648055555556 0.37125142777777775 0.6760766277777778 0.3770836388888889 0.6756688 0.38213819444444447 0.6727628388888889 0.3901226611111111 0.6684751833333333 0.38905403888888884 0.6610912666666666
0 0.3454025277777778 0.6975584055555556 0.3413483611111111 0.7000825111111111 0.34214859444444445 0.7115264222222223 0.35026267222222224 0.7109590333333333 0.3517635611111111 0.7095446722222222 0.3621482555555555 0.7079897666666667 0.3637699555555556 0.6995889833333333 0.36081645 0.6973093 0.3536465166666667 0.6969819277777778 0.3454025277777778 0.6975584055555556
0 0.3611111111111111 0.6888888888888889 0.011111111111111112 0.011111111111111112
0 0.33055555555555555 0.7305555555555555 0.016666666666666666 0.005555555555555556
0 0.31666666666666665 0.7527777777777778 0.011111111111111112 0.011111111111111112
0 0.2638888888888889 0.8055555555555556 0.011111111111111112 0.022222222222222223
0 0.1466212388888889 0.9660552555555556 0.13996490555555555 0.9814380055555555 0.13848254444444444 0.9846522222222223 0.13868188888888888 0.9875029222222222 0.14485883333333333 0.9870709888888889 0.15280925555555555 0.9755674055555557 0.15943675555555556 0.9597723055555556 0.16239007777777778 0.94672035 0.15816321666666666 0.9424578555555556 0.15405959444444445 0.9460597611111112 0.1466212388888889 0.9660552555555556
0 0.11573872777777779 0.9779690222222223 0.1191360888888889 0.9777314555555555 0.12545970555555555 0.9650239333333334 0.1424413388888889 0.9551347111111111 0.14301032222222224 0.9484650166666667 0.13691825555555553 0.947233538888889 0.11516955555555555 0.9698295277777778 0.11573872777777779 0.9779690222222223