0 0.5798562055555555 0.44736468888888886 0.5802848388888889 0.45349442777777776 0.5826696611111111 0.45712484999999997 0.5926865666666666 0.46010399444444444 0.6102079388888889 0.45887877777777775 0.6636746777777778 0.39924991111111113 0.6618240388888889 0.3964787388888889 0.6423096055555556 0.3898045555555556 0.6320122722222222 0.39052461111111114 0.62908055 0.39421032222222224 0.6156831166666668 0.41586561666666666 0.6023503222222222 0.4068530777777778 0.593814511111111 0.4190522944444444 0.6032712833333334 0.4279215055555555 0.5960382555555556 0.4350571944444444 0.5849292111111111 0.4420495555555556 0.5798562055555555 0.44736468888888886
0 0.6422190055555556 0.38768102777777774 0.6519676055555556 0.38492749444444446 0.6635991611111112 0.36961121666666663 0.6644388499999999 0.3658231777777778 0.6495420222222222 0.3660361222222222 0.6308820388888889 0.35718891666666663 0.6246601166666667 0.3576239944444445 0.6134946555555556 0.37092185 0.6140518555555556 0.3788902388888889 0.6295782388888889 0.3885649555555556 0.6422190055555556 0.38768102777777774
0 0.68218225 0.3591707777777778 0.6740822444444444 0.3627537888888889 0.6698838222222222 0.3663623222222222 0.6731543111111111 0.3731779055555555 0.6846958777777779 0.3723708388888889 0.6973043111111111 0.3581133388888889 0.68218225 0.3591707777777778
0 0.6875750666666667 0.31533103333333334 0.6881176555555555 0.3230904333333333 0.6998131388888889 0.3345343333333333 0.7076822722222222 0.32859727777777775 0.7190567888888888 0.33401742222222225 0.7258478555555555 0.3277413777777778 0.7392147055555556 0.3135468611111111 0.7364972944444445 0.3062782388888889 0.7349655833333333 0.30016981111111113 0.7333499333333333 0.2999015666666667 0.7055583611111111 0.30184494444444443 0.6969838722222222 0.3098700222222222 0.6925005777777777 0.30894042222222223 0.6875750666666667 0.31533103333333334
0 0.7101594111111111 0.28481584444444447 0.7079370944444444 0.28699336666666664 0.7149027055555556 0.2910643388888889 0.7210924666666666 0.29270335555555554 0.73231685 0.2873604055555556 0.7246273888888889 0.28380414444444446 0.7101594111111111 0.28481584444444447
0 0.8698940055555555 0.13910872777777777 0.8634159055555556 0.13334618333333334 0.8601200555555555 0.12570363888888889 0.8627832888888889 0.11640128333333334 0.8706524166666666 0.11046422222222221 0.8808641111111112 0.1064352 0.8977863333333334 0.10359440555555555 0.9064951444444445 0.0938693 0.9060626277777778 0.08768401111111111 0.8748677277777778 0.07280993333333334 0.8664183166666667 0.07340077777777777 0.8391811277777778 0.11059306111111111 0.8201574555555555 0.1406516277777778 0.8208608222222223 0.15071020555555556 0.83182405 0.15544502222222223 0.8387958222222223 0.1524712888888889 0.8384751611111112 0.16368168333333333 0.8290743166666666 0.16351031666666668 0.8287824888888888 0.17513305555555556 0.8304872111111111 0.18371559999999998 0.8429261333333334 0.17994520555555557 0.8568856 0.1748253777777778 0.866241688888889 0.17375676666666667 0.8793202 0.15543872222222221 0.8718582444444445 0.15140245 0.8698940055555555 0.13910872777777777
0 0.927273688888889 0 0.9275318166666666 0.003691383333333333 0.9325395500000001 0.009340016666666666 0.9410718777777777 0.012887072222222221 0.9443965555555555 0.020941966666666666 0.9537685722222223 0.020700983333333332 0.9645451722222222 0.017461194444444446 0.9675398777777777 0.01833825 0.9662575444444444 0 0.927273688888889 0
0 0.9614750111111111 0.05192763888888889 0.9576013277777777 0.05031727222222222 0.9420067166666666 0.05140775555555556 0.9427341888888888 0.06181111111111111 0.946807111111111 0.06331254444444444 0.9561032 0.0626625 0.9619940333333333 0.059349988888888885 0.9614750111111111 0.05192763888888889
0 0.9589870055555555 0.08116547222222223 0.9586239722222222 0.07663279444444444 0.9471859277777779 0.07826135555555556 0.9429114888888889 0.07362097222222222 0.9262734944444445 0.07478441666666667 0.9234666888888889 0.07867686111111111 0.9142947833333334 0.08967745555555556 0.9073212611111111 0.10052431666666667 0.9030669055555556 0.11076667222222222 0.9067393388888888 0.11589666666666666 0.9118587388888888 0.11802490555555555 0.9088206555555556 0.12196667222222222 0.9131580388888889 0.1287076388888889 0.9352337055555555 0.10478802777777776 0.9348588611111112 0.09942743888888889 0.9423225611111111 0.09559057222222221 0.9589870055555555 0.08116547222222223
0 0.8272485944444443 0.08277535 0.8411191833333334 0.08801530555555556 0.8454888888888888 0.07942236111111112 0.85867925 0.07850000555555556 0.8657680999999999 0.06930254999999999 0.8589710833333333 0.06687726111111111 0.8680853166666667 0.05505196111111111 0.8650201444444445 0.05070823888888889 0.8516117388888889 0.046590544444444444 0.8478899 0.046850800000000005 0.8482726777777778 0.04815001666666666 0.8268399944444444 0.07693205 0.8272485944444443 0.08277535
0 0.8203425833333333 0.09333007222222223 0.7685709388888889 0.16629083333333333 0.7663871944444444 0.16812256666666667 0.7673768944444443 0.18227593333333333 0.77250115 0.18300514444444443 0.7839291222222223 0.17267553333333335 0.79171175 0.1655014111111111 0.8018963499999999 0.15318689444444444 0.8021881777777777 0.14156415555555554 0.8133278055555555 0.1271110111111111 0.8185066111111111 0.12219081666666667 0.8210545055555555 0.11123905 0.8364738444444444 0.10270217777777776 0.83818205 0.09553845555555555 0.8369229777777778 0.09217065555555555 0.8203425833333333 0.09333007222222223
0 0.8281991833333333 0.22087048333333334 0.8144795055555556 0.22182985555555557 0.8104281333333333 0.22958008333333335 0.7987232666666666 0.23233915 0.7996203944444444 0.24516870555555556 0.8027077055555556 0.24628034444444444 0.8092966166666667 0.24499086666666667 0.8297234888888888 0.22118654444444444 0.8281991833333333 0.22087048333333334
0 0.7584660388888889 0.25359230555555556 0.7560473222222222 0.2591819388888889 0.7561053555555556 0.26001185 0.76384315 0.26463631666666665 0.7726655611111112 0.2644337611111111 0.7772913833333334 0.26038097222222223 0.7767716055555556 0.2523122555555556 0.7584660388888889 0.25359230555555556
0 0.7478046055555555 0.30058993333333334 0.7529712222222222 0.30171186666666666 0.7588003944444444 0.2971605611111111 0.7667289277777779 0.2841750722222222 0.764299861111111 0.2810299722222222 0.7476377222222222 0.2982033722222222 0.7478046055555555 0.30058993333333334
0 0.7283101000000001 0.23295214444444445 0.7267263388888889 0.22796615555555555 0.72254 0.22825888888888887 0.7105390055555555 0.24551986666666667 0.71117635 0.2546343277777778 0.7171975666666667 0.25569078333333334 0.725587461111111 0.2493029277777778 0.7248665944444445 0.23899410555555559 0.7283101000000001 0.23295214444444445
0 0.5146057944444444 0.5291530277777778 0.5081212944444444 0.5364977944444445 0.5082712722222222 0.5386425777777778 0.5264628 0.5407549777777778 0.5338094277777777 0.5431418444444444 0.5902284277777778 0.48118495 0.59743375 0.47446557777777776 0.5882065277777777 0.4680665277777778 0.5827560277777778 0.4663675277777778 0.5714576166666666 0.46715758888888886 0.5579174555555555 0.4851018277777778 0.530405211111111 0.5023573333333333 0.5206837 0.5133963555555555 0.5093999 0.525787738888889 0.5146057944444444 0.5291530277777778
0 0.5071794333333334 0.5801342055555555 0.5131690944444445 0.5710136166666666 0.5128519166666666 0.5664777388888889 0.5100729166666667 0.5596277888888889 0.51777295 0.5499732277777778 0.5084717444444444 0.5439605722222223 0.4970620777777778 0.5447584111111111 0.49590608888888893 0.5452867666666666 0.49567709444444447 0.5448552611111112 0.48520331666666666 0.5455876555555556 0.4775945833333334 0.5519540277777778 0.4943997277777778 0.5553369666666667 0.4894515944444444 0.5635559833333333 0.4789803888888889 0.5638738333333334 0.46564062222222224 0.5863538388888888 0.4740576111111111 0.5882514833333333 0.4664479888888889 0.5978997166666666 0.4655488944444444 0.6087361833333333 0.4545840166666667 0.6177903055555555 0.4498088944444445 0.6284834444444445 0.45894848888888884 0.6328167777777778 0.5071794333333334 0.5801342055555555
0 0.43005456111111107 0.6147237555555556 0.43612931666666666 0.6142989722222222 0.4399476722222222 0.6136175944444444 0.44813224444444444 0.62008955 0.4518064222222223 0.6173464000000001 0.4566143611111111 0.6087228222222223 0.45525167222222224 0.6034313111111111 0.44859882222222225 0.6030677888888889 0.44969976111111115 0.5951177833333333 0.442909 0.593098138888889 0.44154665555555556 0.5931934 0.4298940611111111 0.6124284333333333 0.43005456111111107 0.6147237555555556
0 0.36736205555555557 0.7384873999999999 0.36449698333333336 0.7449032833333333 0.3611111444444444 0.75176995 0.35966996111111116 0.7548541833333333 0.3823040611111111 0.7532714555555556 0.39469781111111113 0.73450405 0.39883682777777774 0.7226122888888888 0.39579758333333337 0.7189131666666667 0.36610063333333337 0.7209897777777778 0.3598441666666667 0.7257532888888889 0.34520510555555556 0.7375505499999999 0.33892095555555557 0.7450111333333334 0.33906673333333337 0.7470959055555555 0.34144267777777776 0.7469297611111112 0.35307249444444444 0.7394866222222223 0.3665241111111111 0.7344023055555556 0.36736205555555557 0.7384873999999999
0 0.3861733666666667 0.7037572555555556 0.38056378333333335 0.6946190277777777 0.36779273333333334 0.6874567277777778 0.3661784222222222 0.6875696111111111 0.35271023333333335 0.7032805611111111 0.35307924444444444 0.7085576333333333 0.3588664444444445 0.70815295 0.3629116 0.7156436555555555 0.36798274444444445 0.7152890444444444 0.3709270388888889 0.714768238888889 0.3861733666666667 0.7037572555555556
0 0.3958990555555556 0.7014611277777778 0.4012330222222222 0.7052318333333334 0.4062676555555556 0.6982498722222222 0.41052201666666666 0.6880075166666667 0.4036430277777778 0.6682424611111111 0.3900702555555556 0.6691915666666667 0.38570706666666665 0.6727536055555555 0.3842227388888889 0.6760775166666666 0.38506018333333336 0.6880534611111111 0.38931835 0.6928051777777777 0.3958990555555556 0.7014611277777778
0 0.41274427222222226 0.6417991333333333 0.41221487222222225 0.6342283333333334 0.4096161 0.6344100555555555 0.3937895888888889 0.6536055333333333 0.39436476666666664 0.6618309722222222 0.39696434444444445 0.6623779222222222 0.4062321111111111 0.6592436444444444 0.41230827222222227 0.6513601111111111 0.41274427222222226 0.6417991333333333