0 0.6039948722222223 0.4781013111111111 0.5879191555555555 0.4681962222222222 0.5806815111111111 0.46806988888888884 0.5386807444444445 0.512264088888889 0.5386088833333333 0.5163809444444445 0.5464919444444445 0.5209204055555556 0.5576317166666667 0.5140866611111111 0.5825645444444445 0.5062534111111111 0.6039948722222223 0.4781013111111111
0 0.7739197777777779 0.26029960555555554 0.7480498999999999 0.2955769222222222 0.7479590111111111 0.30078381111111113 0.7704448722222222 0.30368968888888886 0.79841825 0.2749103888888889 0.7984206666666667 0.27477181666666667 0.7774900888888889 0.2603619277777778 0.7739197777777779 0.26029960555555554
0 0.8535161166666667 0.17780548888888886 0.8368673833333334 0.1812356888888889 0.8373490722222223 0.22010583333333333 0.8270033333333333 0.22890216666666668 0.8269312 0.2330347222222222 0.847846788888889 0.2500555111111111 0.8662703388888889 0.23632072222222225 0.8576947055555555 0.22252808333333335 0.8630924722222222 0.19740351666666664 0.8883813777777778 0.20073889444444445 0.9111281611111112 0.1842849666666667 0.9111673055555556 0.1820422333333333 0.9076082777777779 0.1725483277777778 0.8942352166666666 0.1679408888888889 0.8905054388888889 0.1678757888888889 0.8770370277777778 0.18772477222222222 0.8535161166666667 0.17780548888888886
0 0.9217565166666666 0.16719754444444446 0.931236511111111 0.16074825 0.9460014277777778 0.16720731666666666 0.9605040499999999 0.15712489444444444 0.955999111111111 0.1467933777777778 0.9185975111111111 0.14614052777777778 0.90883895 0.14960831111111111 0.9061605555555556 0.15055272777777778 0.9060494222222223 0.1569194888888889 0.909601611111111 0.16905248888888888 0.9217565166666666 0.16719754444444446
0 0.8259819944444444 0.27557893333333333 0.836027261111111 0.2683126666666667 0.8292239055555555 0.2612649444444444 0.8153298722222222 0.2610224222222222 0.8151624 0.2706168277777778 0.8259819944444444 0.27557893333333333
0 0.7844775777777777 0.3104915111111111 0.8019325333333334 0.2986663611111111 0.7911246166666667 0.2939383277777778 0.7850625611111112 0.29383251666666665 0.7704110555555556 0.30514433888888887 0.7806812666666667 0.31042524444444447 0.7844775777777777 0.3104915111111111
0 0.7136968166666667 0.35370724444444446 0.7134537722222223 0.36763122777777774 0.71767825 0.37342258888888885 0.7362953722222222 0.3541017 0.7136968166666667 0.35370724444444446
0 0.6462346111111111 0.39870191666666666 0.6493001555555555 0.4042114222222222 0.6671872777777778 0.3896404277777778 0.6658850055555555 0.3862110944444444 0.6568745833333334 0.38605381666666666 0.6463335166666667 0.3930357 0.6462346111111111 0.39870191666666666
0 0.6178907611111111 0.42982456666666663 0.5952362333333333 0.4554626944444444 0.5951461666666666 0.46062253888888893 0.6052110666666667 0.4704824777777778 0.6344296333333334 0.4383564611111111 0.6344909944444445 0.43484116111111115 0.6242975111111111 0.4299364 0.6178907611111111 0.42982456666666663
0 0.5261351722222222 0.5498850111111111 0.5414267222222222 0.5261734111111112 0.5361121444444444 0.5228559444444444 0.5277744388888889 0.5227104111111112 0.5107343333333334 0.5434148444444444 0.5261351722222222 0.5498850111111111
0 0.4878915 0.5570433777777778 0.4926398055555556 0.5588338777777777 0.5049452555555556 0.5433386055555556 0.518455338888889 0.531998588888889 0.51595355 0.5174851222222222 0.48806435555555555 0.5471403611111111 0.4878915 0.5570433777777778
0 0.42166499444444444 0.6134815055555556 0.38641996666666667 0.6438730055555556 0.36385007222222226 0.6601989833333334 0.3637742 0.6645457111111112 0.37420992222222227 0.6804545055555555 0.4143358888888889 0.6861159777777778 0.4352658555555555 0.6550611833333333 0.4830265111111111 0.6021498833333333 0.5030160555555555 0.5934035055555555 0.5057840111111112 0.5876638944444444 0.49492634444444444 0.5833401555555555 0.49350462777777776 0.5700858055555555 0.4776019222222222 0.565674 0.4738450555555555 0.5606638833333334 0.47381645000000006 0.5606633833333333 0.42166499444444444 0.6134815055555556
0 0.37620224444444444 0.7054352055555555 0.37404575 0.7127410833333333 0.3740150388888889 0.7145005944444445 0.39688965 0.7148998722222222 0.4094700722222222 0.6936132055555555 0.39369178888888884 0.6870620444444444 0.3874787666666667 0.6869535944444445 0.37620224444444444 0.7054352055555555
0 0.2677112944444444 0.756443 0.2788080055555555 0.767385738888889 0.2877515666666667 0.7601002444444444 0.2961803444444444 0.7507386444444445 0.2875181333333333 0.7419055666666666 0.28825655555555557 0.7311694666666666 0.3573202666666667 0.6889655888888889 0.3661668388888889 0.6812649722222223 0.35669819444444445 0.6697471166666666 0.35317695555555556 0.66968565 0.2852904777777778 0.7116868277777778 0.2681528888888889 0.7311440222222222 0.2677112944444444 0.756443
0 0.36784770555555557 0.7199493444444444 0.34513656666666664 0.7468718944444444 0.33473779444444446 0.7491709222222221 0.3178018444444444 0.7516916777777779 0.31738476666666665 0.7755863000000001 0.34037879444444447 0.7732479055555554 0.3637456277777778 0.7604262444444444 0.3922246055555556 0.7203748444444444 0.36784770555555557 0.7199493444444444
0 0.6691761444444444 0.35768670555555554 0.6713107777777777 0.35852379444444443 0.6802402 0.35867965555555553 0.6992089888888889 0.3391499333333333 0.6945239055555555 0.3367033722222222 0.6865036944444445 0.3365633777777778 0.6692787166666666 0.3518101 0.6691761444444444 0.35768670555555554