0 0.8016371722222222 0.5925785444444445 0.8023252944444444 0.6024191388888889 0.8059375666666666 0.6171003722222222 0.8118585833333334 0.622989888888889 0.8163420166666667 0.6226763722222222 0.8341886222222222 0.6157876111111111 0.8299869722222222 0.6054775277777777 0.8016371722222222 0.5925785444444445
0 0.8058996333333334 0.6293574611111111 0.7951393944444445 0.62480795 0.7877924055555555 0.6335156166666667 0.7883557499999999 0.6415718222222222 0.8060542444444445 0.6671230055555555 0.81165435 0.6731262611111112 0.8122841055555555 0.6730822277777778 0.8261911777777778 0.6564364944444444 0.8058996333333334 0.6293574611111111
0 0.8961123388888889 0.6878502999999999 0.8939449722222222 0.6781883055555555 0.8824292777777777 0.6841679111111111 0.8704030777777777 0.6999132222222222 0.8704474055555556 0.7005470944444444 0.8724526388888888 0.7022895611111111 0.8887331166666667 0.7011511222222222 0.8890714 0.7009347666666667 0.8961123388888889 0.6878502999999999
0 0.40774099444444445 0.3070023111111111 0.39901835555555554 0.33016962777777775 0.3991429722222222 0.33195170555555553 0.41658520555555556 0.3443284 0.4212200388888889 0.34400430555555556 0.43064501111111114 0.3358868944444444 0.4261368166666667 0.3283040222222222 0.40774099444444445 0.3070023111111111
0 0.31159349444444445 0.30154804444444444 0.31664662222222223 0.29421050555555556 0.3290383777777778 0.2794263833333333 0.33260307222222224 0.2592948222222222 0.3187816611111111 0.25363388333333337 0.29965176111111114 0.22183442222222224 0.2778458888888889 0.2299866611111111 0.26013873333333337 0.2555100722222222 0.26065805555555555 0.26293676666666665 0.30725207222222223 0.30185162777777774 0.31159349444444445 0.30154804444444444
0 0.3723441833333333 0.3195764277777778 0.37440045555555557 0.3194326388888889 0.37913502222222223 0.3139058722222222 0.3884188722222222 0.31845237777777774 0.3913176777777778 0.3182496722222222 0.39365690000000003 0.30825119444444443 0.38818888888888886 0.2940532111111111 0.37387265555555554 0.28842686666666667 0.3611331277777778 0.2840157611111111 0.3515719611111111 0.2966137166666667 0.3470917888888889 0.30436445 0.3478940555555556 0.3158374 0.3495839722222222 0.31796050555555555 0.36167784444444445 0.3131383611111111 0.3723441833333333 0.3195764277777778
0 0.4042226388888889 0.3477071 0.3949345444444444 0.3514105055555556 0.3951899222222222 0.3550626388888889 0.4159221 0.3722203777777778 0.4220699555555556 0.3717904777777778 0.42773487777777774 0.3639570333333333 0.41962076111111113 0.35458327777777776 0.4042226388888889 0.3477071
0 0.2383316611111111 0.2224019777777778 0.23025118333333336 0.20639844444444444 0.2175202333333333 0.19117473333333332 0.21523713333333333 0.1913343833333333 0.20696953333333334 0.19344611111111112 0.2015514222222222 0.2084053277777778 0.21062155 0.2243396611111111 0.22595842777777778 0.22956852777777778 0.23171301666666666 0.22916612777777778 0.2383316611111111 0.2224019777777778
0 0.13943778888888889 0.1613591222222222 0.1340994388888889 0.1703480722222222 0.16810559444444445 0.20019926111111114 0.1704129111111111 0.20003791666666665 0.18088085555555555 0.19226103888888887 0.16915214444444446 0.1738616388888889 0.17447801666666668 0.15758338333333333 0.17199628888888888 0.15053665555555557 0.15843424444444443 0.14147395555555556 0.15107048888888888 0.14994179444444444 0.13629307222222223 0.13772026666666667 0.12992110555555555 0.14543857777777777 0.13033130555555555 0.15130465555555556 0.13943778888888889 0.1613591222222222
0 0 0.08267051666666667 0.10476753888888889 0.16007531666666666 0.11674623333333334 0.15923768333333335 0.15938259999999999 0.06899411666666667 0.1098031111111111 0.026064277777777776 0.06296693333333334 0.029339377777777776 0 0.03464052222222222 0 0.08267051666666667
0 0.2634607944444444 0.20773156666666667 0.26588715555555553 0.2100690722222222 0.28953671666666664 0.20841533333333334 0.2603833611111111 0.17083314444444445 0.25987811666666666 0.17214093888888887 0.2620032333333333 0.20253153333333332 0.2634607944444444 0.20773156666666667
0 0.4537544888888889 0.3549101722222222 0.4588466444444444 0.3580805611111111 0.46265221666666667 0.35781444999999995 0.46308506666666666 0.33901462222222223 0.43403753333333334 0.3218262777777778 0.4327038888888889 0.33119793333333336 0.4537544888888889 0.3549101722222222
0 0.49458925000000004 0.42262265555555556 0.5218486555555556 0.44278097777777775 0.5258425 0.4425017 0.5430081888888889 0.42315454444444445 0.5051211111111111 0.39332945555555554 0.49441708333333334 0.4201605722222222 0.49458925000000004 0.42262265555555556
0 0.6281796111111111 0.5012843722222222 0.6359540666666667 0.51276965 0.6390375555555555 0.5125540333333334 0.6463771666666667 0.5062400333333333 0.6287105722222222 0.48825585555555556 0.6274929166666666 0.49146418333333336 0.6281796111111111 0.5012843722222222