0 0.7410294611111111 0.687419961111111 0.7374781777777778 0.6962298166666666 0.7380407944444444 0.7123410333333333 0.7388654888888889 0.7201708555555555 0.7357022000000001 0.7229498611111111 0.7363267944444445 0.7408359722222222 0.7404832 0.7417545277777778 0.7681939166666666 0.74078685 0.7715363111111111 0.7401241611111111 0.7895549944444444 0.7361860444444445 0.7503320444444443 0.6854406611111111 0.7410294611111111 0.687419961111111
0 0.9102524555555556 0.9060190166666667 0.8896372444444445 0.8839902722222222 0.8684425777777777 0.8611545333333332 0.8499119666666666 0.8514613444444445 0.8357717611111112 0.8412012222222223 0.8179154111111111 0.8486064666666667 0.8180095944444444 0.8513034444444445 0.8408377833333333 0.8757676999999999 0.874013511111111 0.9101797944444444 0.8918738055555555 0.9199129333333333 0.8941304555555555 0.9198341277777777 0.908932438888889 0.9155781833333333 0.9102524555555556 0.9060190166666667
0 0.7270266555555556 0.7294438388888889 0.7143771666666666 0.7302991833333334 0.7137773611111111 0.7318537333333334 0.7142637611111111 0.7457823944444444 0.7373953333333333 0.7752160111111112 0.7440713111111111 0.7749828777777777 0.7472763888888889 0.7725795500000001 0.7369038611111112 0.759706188888889 0.7308207722222223 0.7433741444444444 0.7270266555555556 0.7294438388888889
0 0.6861111111111111 0.625 0.005555555555555556 0.005555555555555556
0 0.5638888888888889 0.5722222222222222 0.011111111111111112 0.005555555555555556
0 0.5666666666666667 0.5583333333333333 0.005555555555555556 0.011111111111111112
0 0.5111111111111111 0.5166666666666667 0.011111111111111112 0.011111111111111112
0 0.525 0.5277777777777778 0.005555555555555556 0.011111111111111112
0 0.4638888888888889 0.46944444444444444 0.005555555555555556 0.011111111111111112
0 0.5166666666666667 0.525 0.011111111111111112 0.005555555555555556
0 0.5555555555555556 0.55 0.005555555555555556 0.005555555555555556
0 0.6944444444444444 0.6333333333333333 0.011111111111111112 0.011111111111111112
0 0.35 0.375 0.011111111111111112 0.016666666666666666
0 0.44572711666666665 0.4463058333333333 0.44549370555555556 0.43962175000000003 0.43296897777777776 0.43137327777777773 0.4232386888888889 0.4337811222222222 0.4201947277777778 0.44133243333333333 0.4230018111111111 0.4470994166666667 0.44572711666666665 0.4463058333333333
0 0.3408780888888889 0.2414009277777778 0.34104267222222223 0.24611388888888888 0.3478969 0.25063426111111115 0.35821956666666666 0.2547986944444445 0.36292105 0.25463451666666664 0.36233045 0.23772187777777778 0.3620275 0.22904660555555556 0.3408780888888889 0.2414009277777778
0 0.3416666666666667 0.2611111111111111 0.011111111111111112 0.011111111111111112
0 0.3 0.2833333333333333 0.011111111111111112 0.011111111111111112