0 0.8273087166666667 0.7849394055555556 0.824368611111111 0.7980673666666667 0.8155489666666667 0.8090054166666666 0.8321956277777777 0.8395781 0.8334772277777778 0.8396228555555556 0.8449004944444444 0.8212764277777778 0.8485670666666667 0.8015585222222221 0.84682675 0.7803287333333333 0.8316094555555557 0.76127445 0.8151238166666667 0.75011425 0.8035954777777778 0.7391271666666667 0.8002612388888889 0.7351152722222223 0.7970291388888889 0.7494981833333333 0.7968581444444444 0.754394738888889 0.8070418222222222 0.7683549055555556 0.8177632888888889 0.7740215611111111 0.8273087166666667 0.7849394055555556
0 0.7714343888888889 0.7731997166666666 0.7684558222222222 0.7717944722222222 0.7678225777777778 0.7899282666666666 0.79340745 0.8326646444444444 0.7956607833333333 0.8327433333333333 0.7961621611111112 0.8183858388888888 0.7838269444444445 0.8020783277777778 0.7740857444444444 0.7825537444444445 0.7714343888888889 0.7731997166666666
0 0.7459938944444444 0.7420658555555556 0.7528028944444445 0.7367887444444444 0.7534258666666667 0.7189491388888889 0.7574035777777777 0.70453435 0.7392811222222223 0.6833940222222222 0.7326981944444444 0.6871333222222222 0.721042611111111 0.69400315 0.7097172777777778 0.7027864222222222 0.7096639944444445 0.7043121722222222 0.7270599055555554 0.72067455 0.7372737666666668 0.7408771777777777 0.7383262 0.7417980944444443 0.7459938944444444 0.7420658555555556
0 0.6794671 0.6480260388888889 0.6859835333333333 0.6510271777777779 0.697227088888889 0.6514198111111111 0.6985124777777778 0.642737338888889 0.6979824833333333 0.6294881944444444 0.6442031277777778 0.5634416 0.6365225833333333 0.5559732444444444 0.627982488888889 0.5589059777777778 0.6192670166666667 0.5526478388888889 0.6149089333333334 0.5637416944444444 0.6088632777777777 0.5663090055555555 0.6084080000000001 0.5793464833333333 0.6525942166666667 0.6358415777777777 0.6631311 0.6467940444444444 0.6794671 0.6480260388888889
0 0.5732075222222222 0.5185273444444445 0.5797785666666666 0.5293413111111112 0.5783717944444444 0.5411997555555556 0.5810567722222223 0.5473021 0.6088666611111111 0.5482732444444445 0.6120583333333334 0.5430376499999999 0.6124505722222222 0.5318053111111112 0.6122086444444444 0.5245200111111111 0.5951468666666666 0.5014321222222222 0.5774970611111111 0.4809698333333333 0.5658072111111111 0.4746078277777778 0.5532412666666666 0.46490757222222223 0.5453846944444445 0.47385055 0.5448051777777778 0.4904457888888889 0.5480525611111111 0.49978755555555554 0.5598228277777777 0.5180599388888889 0.5732075222222222 0.5185273444444445
0 0.5433053555555555 0.4792764888888889 0.5566425444444444 0.4627358111111111 0.560862188888889 0.4556063222222222 0.5186342444444444 0.3998860888888889 0.5132480222222222 0.39778268888888885 0.5089435055555556 0.40307885 0.5077503444444444 0.4372464 0.5120387611111111 0.4466245222222222 0.5075883888888889 0.4603612722222223 0.5166150111111111 0.47192252777777777 0.5285125222222222 0.47233800000000004 0.5355070777777777 0.4790041666666666 0.5433053555555555 0.4792764888888889
0 0.4799460277777778 0.39346087222222226 0.4733980555555556 0.3819861722222222 0.4653403388888889 0.3782119 0.4643275388888889 0.40721471666666664 0.46974268333333336 0.41559663333333335 0.47228122777777776 0.42120685 0.47843851666666665 0.4214218722222222 0.4855368111111111 0.4181327777777778 0.4884077 0.4069869888888889 0.4799460277777778 0.39346087222222226
0 0.4542974111111111 0.3746440944444444 0.4726624833333333 0.37462388888888887 0.48100878888888887 0.39145363333333333 0.4888919666666666 0.39311929444444443 0.49450885 0.3886174111111111 0.4953506777777778 0.3787238333333333 0.4716717055555556 0.3461434222222222 0.4616878944444444 0.3477793833333333 0.45496652777777774 0.3554830388888889 0.4492078222222223 0.3626249444444445 0.44915763888888893 0.3640620222222222 0.4542974111111111 0.3746440944444444
0 0.4386788555555555 0.3272836388888889 0.44511655000000006 0.32059639444444443 0.4451435666666667 0.31982269444444444 0.43523249999999997 0.29805589444444447 0.4306366111111111 0.2974558666666667 0.42783231111111114 0.2973579388888889 0.4182392555555556 0.30143166666666665 0.41624446111111113 0.31591570555555554 0.4115468666666666 0.3267827 0.41132478888888885 0.3331421888888889 0.4149642444444444 0.3383630722222222 0.4248788333333333 0.3387093 0.4320083777777778 0.34197530555555555 0.4328094444444444 0.3420032777777778 0.4386788555555555 0.3272836388888889
0 0.4068706888888889 0.33277271666666663 0.40622532222222224 0.3228272111111111 0.4117132944444445 0.30780362222222224 0.4049807388888889 0.30161473333333333 0.3998388611111111 0.3067274277777778 0.38963620000000004 0.3004173611111111 0.37763519999999995 0.2887522388888889 0.3737676055555556 0.2943284 0.3731209111111111 0.3128473555555556 0.3976628055555556 0.34077593333333334 0.4027989166666667 0.3409552888888889 0.4068706888888889 0.33277271666666663
0 0.2831176555555555 0.10158352222222222 0.2855377722222222 0.08913287777777779 0.2757054611111111 0.07221728333333333 0.2654797277777778 0.06656794444444444 0.2590695111111111 0.07957472222222221 0.2532011722222222 0.09127736666666665 0.25275369444444445 0.09840620555555556 0.2523690333333333 0.10942153333333332 0.2587688777777778 0.11660999999999999 0.2643393666666667 0.11932143888888888 0.27962433333333336 0.11985520555555557 0.2831176555555555 0.10158352222222222
0 0.21238995555555557 0.10016483333333333 0.2078382 0.1111196111111111 0.20742706111111112 0.12289296111111112 0.21772419444444444 0.12325254444444445 0.21917985 0.11892482777777778 0.22337641666666666 0.1124560611111111 0.2223737611111111 0.09852887777777777 0.21238995555555557 0.10016483333333333
0 0.29291989444444444 0.1165176388888889 0.2790737277777778 0.1292647611111111 0.27358575555555553 0.1442883388888889 0.2579181888888889 0.15234113333333332 0.24930409444444446 0.1573929611111111 0.24493147777777777 0.16321792777777777 0.24475352222222221 0.1683138611111111 0.2501242722222222 0.1765456333333333 0.2947735166666667 0.21978131666666667 0.2986589388888889 0.20800942777777776 0.30916155 0.20573005555555557 0.3187800055555555 0.23796032777777779 0.3191719388888889 0.23797401666666668 0.32162333333333337 0.2326265 0.31875312777777776 0.21532645 0.3193068777777778 0.1994690277777778 0.33179241111111113 0.19725890000000001 0.34083090555555556 0.19426687222222225 0.3381452833333333 0.17168101666666666 0.3443939888888889 0.16329931666666667 0.33109038888888886 0.14629644444444445 0.29710055 0.09822971666666667 0.2969070111111111 0.09822296111111112 0.2884009833333333 0.10379073333333333 0.29291989444444444 0.1165176388888889
0 0.17280598333333333 0 0.17267318888888888 0.0038027722222222222 0.17861687222222222 0.01070805 0.20006568333333333 0.011457061111111111 0.20208351666666668 0.010126188888888889 0.21470479444444446 0.004028811111111111 0.21457245555555554 0 0.17280598333333333 0