0 0.8995607833333333 0.9156657611111112 0.9118250722222222 0.9235941833333333 0.9209176055555555 0.9237528944444444 0.9247911222222223 0.9150041111111111 0.9298856944444445 0.9073557722222222 0.8744174611111111 0.84028755 0.8734234166666667 0.8399022388888888 0.8663480611111112 0.8397787388888888 0.8660918 0.85446005 0.8732735611111112 0.8584513944444445 0.8659799555555556 0.8608675 0.8659265722222222 0.8639258833333334 0.8736674722222222 0.8832543722222221 0.88697935 0.9022215666666666 0.8995607833333333 0.9156657611111112
0 0.7026936944444444 0.7458048 0.7109019444444444 0.7492542277777777 0.7191390333333334 0.7510510777777777 0.726299688888889 0.7434617277777779 0.7475989777777777 0.7311599444444444 0.7497904555555555 0.7240348777777778 0.74783405 0.7210256277777778 0.7317311277777777 0.7207445555555555 0.7208500722222223 0.7240807444444444 0.7141527388888889 0.7204377222222221 0.7009487944444445 0.7202072444444444 0.6961248944444445 0.7237499222222223 0.6960493277777777 0.7280791888888888 0.7026936944444444 0.7458048
0 0.3111111111111111 0.2388888888888889 0.011111111111111112 0.016666666666666666
0 0.3 0.3194444444444444 0.005555555555555556 0.011111111111111112
0 0.2861111111111111 0.34444444444444444 0.011111111111111112 0.011111111111111112
0 0.24444444444444444 0.19166666666666668 0.011111111111111112 0.016666666666666666
0 0.2222222222222222 0.14722222222222223 0.011111111111111112 0.005555555555555556
0 0.21388888888888888 0.12777777777777777 0.005555555555555556 0.011111111111111112
0 0.2722222222222222 0.22777777777777777 0.011111111111111112 0.016666666666666666
0 0.30277777777777776 0.2972222222222222 0.011111111111111112 0.011111111111111112
0 0.3 0.26666666666666666 0.011111111111111112 0.027777777777777776
0 0.29444444444444445 0.2361111111111111 0.022222222222222223 0.022222222222222223
0 0.18888888888888888 0.4027777777777778 0.005555555555555556 0.011111111111111112
0 0.21666666666666667 0.4361111111111111 0.011111111111111112 0.011111111111111112
0 0.5083333333333333 0.5027777777777778 0.005555555555555556 0.016666666666666666
0 0.4666666666666667 0.5805555555555556 0.005555555555555556 0.011111111111111112
0 0.5833333333333334 0.6527777777777778 0.005555555555555556 0.011111111111111112
0 0.6333333333333333 0.6833333333333333 0.005555555555555556 0.016666666666666666
0 0.6277777777777778 0.7 0.005555555555555556 0.005555555555555556
0 0.6611111111111111 0.7166666666666667 0.005555555555555556 0.011111111111111112
0 0.6527777777777778 0.7027777777777777 0.011111111111111112 0.011111111111111112
0 0.6861111111111111 0.6944444444444444 0.011111111111111112 0.005555555555555556
0 0.6861111111111111 0.7444444444444445 0.005555555555555556 0.005555555555555556
0 0.6027777777777777 0.6805555555555556 0.011111111111111112 0.011111111111111112
0 0.4666666666666667 0.4666666666666667 0.022222222222222223 0.011111111111111112
0 0.42777777777777776 0.4166666666666667 0.011111111111111112 0.011111111111111112
0 0.39444444444444443 0.37777777777777777 0.005555555555555556 0.016666666666666666
0 0.3416666666666667 0.4861111111111111 0.005555555555555556 0.011111111111111112
0 0.375 0.5222222222222223 0.005555555555555556 0.005555555555555556
0 0.41944444444444445 0.5444444444444444 0.011111111111111112 0.005555555555555556
0 0.8277777777777777 0.8083333333333333 0.022222222222222223 0.016666666666666666
0 0.2486553111111111 0.3789283222222222 0.2464432888888889 0.383256 0.24627969444444445 0.3926285388888889 0.26241135555555556 0.4111079888888889 0.2663137222222222 0.4007066444444444 0.2513337 0.3789750777777778 0.2486553111111111 0.3789283222222222
0 0.2817954833333334 0.3995752 0.2769513055555556 0.39287835 0.2631721222222222 0.37918171666666667 0.2588136944444444 0.3791056388888889 0.2576103611111111 0.38014693333333327 0.2575304666666666 0.38472425555555556 0.2662248166666667 0.3915890722222223 0.26890635555555553 0.4037584111111111 0.2745867444444445 0.4099188388888889 0.2817954833333334 0.3995752