0 0.6422728611111111 0.6601006555555555 0.6415014555555556 0.6512834333333334 0.6292498333333334 0.6392650833333333 0.6256989888888889 0.6395757388888889 0.6008157111111111 0.6557942722222222 0.6140791611111112 0.6683268388888889 0.6370585555555556 0.6654865277777778 0.6422728611111111 0.6601006555555555
0 0.6593367166666667 0.7018362944444445 0.6732897111111111 0.6959105944444445 0.6729987666666667 0.6925851 0.6473279555555556 0.6655673333333334 0.6441806777777778 0.6658426833333333 0.6382622277777779 0.6758791777777778 0.6246553111111111 0.6837086444444445 0.6483598333333334 0.7027966444444445 0.6593367166666667 0.7018362944444445
0 0.7168100388888888 0.7524264166666667 0.7222999277777777 0.7461571777777778 0.7214884166666667 0.7368815166666667 0.6911794 0.7007682666666667 0.6707336 0.7025570444444444 0.662506 0.7069698166666666 0.6740868888888889 0.7192346666666667 0.7064264722222222 0.7475257222222222 0.7168100388888888 0.7524264166666667
0 0.7345191277777778 0.7484704333333334 0.70426065 0.7502878333333333 0.7322301722222223 0.7781313388888889 0.7463914277777778 0.7665528666666666 0.7460414555555556 0.7625526333333335 0.7345191277777778 0.7484704333333334
0 0.88571045 0.8928909611111111 0.8821590277777778 0.8904004611111112 0.8757256055555556 0.8909633111111112 0.8716607166666667 0.8971695777777777 0.8861656388888889 0.9037844 0.8866268277777778 0.9033652444444443 0.88571045 0.8928909611111111
0 0.9158539611111111 0.9298509722222222 0.9223041333333334 0.9287015666666666 0.9217217777777778 0.9220452611111111 0.9203681944444445 0.9194975 0.913531638888889 0.9099628222222222 0.9088902333333334 0.9103688888888889 0.9036951611111111 0.9122424888888888 0.9076727277777777 0.9197783333333334 0.9158539611111111 0.9298509722222222
0 0.9041463666666666 0.9123859166666667 0.9035230777777777 0.9052616777777778 0.8897086055555555 0.9064702888888888 0.9004123833333334 0.9139072944444444 0.9041463666666666 0.9123859166666667
0 0.8377601277777778 0.8802599277777777 0.8497181722222222 0.884193 0.8578703333333334 0.8888739833333333 0.8688832388888889 0.8883254166666666 0.8736363944444444 0.8823695666666668 0.8735942444444444 0.8818878444444445 0.8644373222222221 0.8754363444444444 0.8562725277777777 0.8703581277777779 0.8309598333333332 0.8725727 0.8288789833333333 0.8735680277777778 0.8352320666666666 0.8829707444444443 0.8377601277777778 0.8802599277777777
0 0.8174592388888888 0.8650318333333332 0.8238652333333333 0.8623966888888889 0.8158295944444444 0.85272625 0.8262953944444444 0.8512023222222223 0.8258454888888889 0.8460598611111111 0.7976603222222222 0.81572655 0.7872683111111111 0.8170506722222222 0.7917142333333334 0.8299397444444444 0.80764985 0.8414086611111112 0.7954311777777778 0.8408178944444444 0.8174592388888888 0.8650318333333332
0 0 0.09321438333333333 0.012333344444444444 0.10146922777777778 0.02911446666666667 0.10995959444444445 0.03175904444444445 0.10225933333333334 0.02006163888888889 0.09498394444444445 0.00715845 0.08656923888888889 0.003801777777777778 0.07980895 0.007616105555555556 0.07283621666666666 0.018853616666666666 0.06853355555555556 0.030919744444444442 0.07370198333333333 0.034600655555555554 0.08416835555555556 0.038910905555555556 0.08918546111111111 0.045721388888888895 0.08828557222222222 0.045257111111111116 0.08297885555555556 0.04236496666666667 0.07809486111111111 0.03345624444444444 0.06476635555555556 0.01972661111111111 0.05683888888888889 0.007142416666666667 0.057939861111111116 0 0.060576333333333336 0 0.09321438333333333
0 0.0828813111111111 0.13056833888888889 0.0822765 0.12365527222222222 0.07044529444444445 0.11514031666666666 0.061057322222222224 0.10341391111111112 0.054212633333333336 0.10401274444444446 0.04395667222222222 0.11579801666666667 0.07485278333333334 0.13965103888888888 0.0828813111111111 0.13056833888888889