0 0.49296308333333333 0.47751849999999996 0.4921625777777778 0.4774905444444444 0.4553695944444444 0.5045495222222223 0.45367029999999997 0.5532108611111112 0.45824856666666663 0.5632228388888889 0.4985092111111111 0.5169039888888889 0.5026542722222221 0.5098796333333333 0.49296308333333333 0.47751849999999996
0 0.5254110944444444 0.45641583888888887 0.5070401388888889 0.45758402222222216 0.5064151611111112 0.4754810777777778 0.513878511111111 0.4885598944444445 0.5320730055555555 0.4649980444444444 0.5260339888888889 0.4564375888888889 0.5254110944444444 0.45641583888888887
0 0.6138432444444444 0.3977117 0.593965111111111 0.37811662777777777 0.5645488833333333 0.40262175 0.5641825388888889 0.41311251111111114 0.5706020222222222 0.42786068888888884 0.5780874055555556 0.4267045222222222 0.5818198277777777 0.43149665000000004 0.5867089888888889 0.4336209111111111 0.6055752666666666 0.4111261222222222 0.6138432444444444 0.3977117
0 0.7433037222222222 0.2583551 0.7543135555555556 0.25779453333333335 0.76768715 0.24030568888888887 0.7804100055555556 0.2312995277777778 0.7818183777777777 0.22142573333333332 0.7688207333333333 0.2036456222222222 0.7547692333333333 0.20315493333333334 0.7537337055555555 0.20333332222222222 0.7479493444444445 0.20653984444444443 0.7317071333333333 0.2322665111111111 0.7313321277777778 0.24300532777777775 0.7335868999999999 0.25234551111111114 0.7433037222222222 0.2583551
0 0.8358498499999999 0.21263873333333333 0.8341867555555555 0.19935002222222223 0.8337781111111111 0.19479610000000003 0.8255996166666667 0.1945105 0.7952116111111112 0.208857 0.7834935888888889 0.20939284444444442 0.7839625611111111 0.22642003888888887 0.7778191388888889 0.23990865555555554 0.7800505777777779 0.24707442222222223 0.8358498499999999 0.21263873333333333
0 0.876172988888889 0.18178911666666664 0.8761241222222221 0.16292120555555556 0.8761048222222223 0.16292052777777777 0.8693218666666667 0.17493455555555554 0.859658511111111 0.16739394444444444 0.8502693388888889 0.18002190555555556 0.8502487333333333 0.18061198888888888 0.8617126333333333 0.18978956111111112 0.876172988888889 0.18178911666666664
0 0.7783366833333334 0.15950638888888888 0.7668585833333333 0.18078444444444447 0.7668330555555556 0.18151537222222222 0.783652388888889 0.18860193333333336 0.7944404611111111 0.16393495555555557 0.7898884111111111 0.15990978333333333 0.7783366833333334 0.15950638888888888
0 0.54777425 0.44481336111111114 0.5368095666666667 0.4401370555555556 0.5339675888888888 0.4400378111111111 0.5296370611111111 0.4472419444444445 0.52950375 0.4510594722222222 0.5373817166666667 0.4581536 0.5413523444444445 0.4662767111111111 0.5474691111111111 0.46370361111111114 0.54777425 0.44481336111111114
0 0.3851809666666666 0.6127282111111111 0.3778795611111111 0.6124732388888888 0.36758959444444445 0.6304307388888889 0.36721339999999997 0.6412035388888888 0.3780862 0.6545162 0.3839155888888889 0.6500202 0.3991585444444445 0.6297615055555555 0.3851809666666666 0.6127282111111111
0 0.3852960888888889 0.6009448055555555 0.39464392777777774 0.6059472222222222 0.40285397222222225 0.6043438388888889 0.40833017222222223 0.5998098444444444 0.4263069777777778 0.5824817444444444 0.43633693333333334 0.5795243388888889 0.44330391666666663 0.5627568222222222 0.4407927833333334 0.5432957 0.43147101666666665 0.5462778388888889 0.42667238333333335 0.5419108777777778 0.4214537944444444 0.5417286388888889 0.40227861111111113 0.5599066166666666 0.4091297388888889 0.5667611833333334 0.4137574166666667 0.5763732333333333 0.40125680555555554 0.589167338888889 0.38582001111111114 0.5859417222222222 0.3852960888888889 0.6009448055555555
0 0.2464760611111111 0.7183756055555557 0.23996255 0.7120053500000001 0.23134896666666668 0.7150122166666667 0.22859814444444446 0.7328720166666667 0.22492271666666666 0.7361939388888888 0.2243976222222222 0.7512305833333334 0.22542730000000002 0.7526072444444444 0.2264646111111111 0.7635114833333333 0.23444393333333333 0.76851535 0.24439149444444444 0.767917688888889 0.24957951666666667 0.7614835333333333 0.25858815555555553 0.7674683944444444 0.2640558666666667 0.7733296000000001 0.27027321111111113 0.7678764444444445 0.2742591166666667 0.7552575277777779 0.2815472222222222 0.7394462666666666 0.2903585722222222 0.7307760333333333 0.2989886388888889 0.7272972166666667 0.30680315555555554 0.7370205666666667 0.35063768333333334 0.6898814722222222 0.35065465 0.6690910722222222 0.34165850555555555 0.6525963388888889 0.3244498777777778 0.6495200277777778 0.31763429444444446 0.6492820222222222 0.29899858333333335 0.65594665 0.2713294388888889 0.6767164666666667 0.26815060555555553 0.6865284333333334 0.2514503222222222 0.6977583111111111 0.2542086611111111 0.7101402277777779 0.2464760611111111 0.7183756055555557
0 0.12166252222222222 0.82780805 0.1213144 0.83777695 0.12292850000000001 0.8408952666666666 0.15636006111111111 0.8987654277777777 0.1684816111111111 0.8968261055555555 0.1814681611111111 0.8802687944444445 0.20589303888888888 0.8508802833333334 0.20439475000000001 0.8328721 0.21371652222222223 0.8298899666666666 0.23909631111111113 0.8137654388888889 0.23711208333333333 0.7995204722222221 0.23728537777777778 0.7844057944444444 0.2284438888888889 0.7736343999999999 0.22666308888888892 0.7637163777777778 0.223683 0.76273895 0.21252305 0.7623492388888888 0.19931555555555558 0.765124 0.18940895555555556 0.7747010222222221 0.17758357222222224 0.788463761111111 0.15830576666666668 0.8024387666666666 0.13918428333333333 0.8220894944444445 0.12166252222222222 0.82780805
0 0 0.981946411111111 0.05807044444444445 0.9839742722222221 0.08860878333333333 0.9849044222222222 0.1601703888888889 0.9051844722222222 0.10828548888888889 0.8142986 0.10394382222222222 0.8141469888888889 0 0.9115170055555555 0 0.981946411111111