0 0.6336573555555556 0.21418278333333332 0.6434979555555556 0.21487090555555557 0.6585390444444444 0.21333701666666668 0.6651952833333333 0.20829328333333333 0.6655087944444444 0.20380985555555556 0.6611708388888888 0.18517819444444447 0.6503763388888889 0.18790407222222222 0.6336573555555556 0.21418278333333332
0 0.6706715666666667 0.21508043888888886 0.6646687888888889 0.22510278888888888 0.6722692111111112 0.23359015555555554 0.6803254166666667 0.2341535 0.7080910944444444 0.2201832833333333 0.7148153111111111 0.21547316666666666 0.7148593499999999 0.21484341666666668 0.7003111 0.19875504444444445 0.6706715666666667 0.21508043888888886
0 0.7411503333333334 0.13388630555555556 0.7312807333333333 0.13468788888888888 0.7355994722222222 0.14692371666666668 0.7495178222222222 0.16102419999999998 0.7501517000000001 0.16106852222222223 0.7521562833333333 0.15932531111111112 0.7532947222222223 0.14304483333333332 0.7531275555555556 0.14267973333333334 0.7411503333333334 0.13388630555555556
0 0.29604058333333333 0.5645010611111111 0.3177684722222222 0.5763630777777778 0.31955055555555556 0.5764876944444445 0.33423429444444447 0.5609377111111111 0.3345583888888889 0.5563028777777778 0.32783168333333335 0.5458399055555555 0.31969518333333335 0.5492488888888889 0.29604058333333333 0.5645010611111111
0 0.2772582444444444 0.6589537722222222 0.27069537222222223 0.6529286333333333 0.2577797333333333 0.6385999222222222 0.23834019999999997 0.6322681444444445 0.23081078333333332 0.6451671944444445 0.19665842777777776 0.6596852944444445 0.20169653333333334 0.6824135277777778 0.22450719444444445 0.7035005333333333 0.23193388888888888 0.7040198555555556 0.2769546666666667 0.6632951944444444 0.2772582444444444 0.6589537722222222
0 0.30356604444444446 0.6013033666666666 0.3037098277777778 0.5992471 0.29889577222222224 0.5937894333333333 0.30469009444444445 0.5852286833333333 0.3048928 0.5823298777777778 0.29531718333333334 0.5786219 0.28049637222222223 0.5820607166666666 0.27293235 0.5954545944444445 0.2667911666666667 0.6074562333333333 0.27793586666666664 0.61867765 0.28498765555555555 0.6241929111111111 0.2964606055555556 0.6249951777777778 0.2987982388888889 0.6236171888888888 0.29570616666666666 0.6109699 0.30356604444444446 0.6013033666666666
0 0.33585957222222224 0.573650188888889 0.33823428333333333 0.5833633055555555 0.3418864166666667 0.5836186888888889 0.3617625388888889 0.5654761722222222 0.36219243888888886 0.5593283166666667 0.35522363333333334 0.5526283222222221 0.3448118333333333 0.5593589 0.33585957222222224 0.573650188888889
0 0.18868635 0.7204876222222222 0.17171397777777778 0.7262622 0.1548666111111111 0.7367505222222223 0.1547069611111111 0.7390336222222221 0.1556475111111111 0.7475146555555555 0.16970709444444446 0.7549619611111111 0.18674867222222222 0.7481977333333333 0.19406113333333333 0.7337378277777779 0.19446353333333333 0.7279832444444444 0.18868635 0.7204876222222222
0 0.11447418888888888 0.8099235444444445 0.12263270555555555 0.8164609611111111 0.15692612777777779 0.7869402333333333 0.15708747222222222 0.7846329166666667 0.15084313333333332 0.7731845111111112 0.13099047222222224 0.7822383833333333 0.11561185555555556 0.774698838888889 0.10828831666666668 0.7761757 0.09742633888888888 0.7883444777777778 0.10478693888888889 0.7968150666666667 0.09062772777777778 0.809747761111111 0.09738411666666666 0.8171319 0.10325019999999999 0.8175420944444445 0.11447418888888888 0.8099235444444445
0 0 0.9545259444444445 0.10837771111111112 0.8440777166666666 0.10921534444444445 0.8320990166666667 0.025783855555555554 0.7773181111111112 0 0.7998198333333333 0 0.9545259444444445
0 0.17765601111111112 0.6935613222222222 0.18030844999999998 0.6914838888888889 0.1819621888888889 0.6678343277777777 0.14068838333333333 0.6914735388888889 0.14191313333333333 0.6921558722222223 0.17230372777777778 0.6942809888888889 0.17765601111111112 0.6935613222222222
0 0.3498860444444445 0.5256028500000001 0.3537342722222222 0.521001488888889 0.35400038333333333 0.5171959166666666 0.33544375555555556 0.5141508444444445 0.31438004999999997 0.5405235388888888 0.32347489444444444 0.5431484833333333 0.3498860444444445 0.5256028500000001
0 0.42262265555555556 0.49458925000000004 0.44637857222222216 0.47040062222222223 0.44665785 0.4664067777777778 0.42988797777777776 0.44671554444444445 0.39508028333333334 0.4800830555555556 0.4201605722222222 0.49441708333333334 0.42262265555555556 0.49458925000000004
0 0.5191110277777777 0.3732465722222222 0.5315665277777778 0.3671462222222222 0.5317821444444445 0.36406272777777776 0.5265510722222223 0.35591581111111115 0.5062832 0.3709075611111111 0.5092908388888889 0.37255988333333334 0.5191110277777777 0.3732465722222222