0 0.4128929777777778 0.5394950166666667 0.4134285277777778 0.5333736944444445 0.4116409888888889 0.5294149055555556 0.40221345 0.5249054444444444 0.38471612777777775 0.5233746277777778 0.3225796444444444 0.5739053277777778 0.3239739888888889 0.5769318888888889 0.34220409444444444 0.5865766333333333 0.3524872888888889 0.5874762944444445 0.35595949444444447 0.5842945888888889 0.37257961666666667 0.5650017222222222 0.3843383944444444 0.5759890111111111 0.3946774888888889 0.5652752777777778 0.38672459444444446 0.5550359 0.3949848388888889 0.5491195555555556 0.4070509611111111 0.5439511222222222 0.4128929777777778 0.5394950166666667
0 0.3419613888888889 0.5886881833333334 0.3319020611111111 0.5898828 0.31801771666666667 0.6031909333333334 0.3165957833333333 0.6068009777777778 0.3313425222222222 0.6089210333333333 0.3483887611111111 0.6205783777777778 0.35460213888888886 0.6211219833333333 0.3677103833333334 0.6097345055555555 0.3684065722222222 0.6017770555555555 0.3545848 0.5897925888888889 0.3419613888888889 0.5886881833333334
0 0.2980301722222222 0.6105958 0.3065909611111111 0.6083240166666667 0.3113021888888889 0.6054166888888889 0.3091381611111111 0.5981734 0.29761243333333337 0.5971650333333334 0.28292887222222224 0.6092746055555556 0.2980301722222222 0.6105958
0 0.28584570000000004 0.6530521777777778 0.2865236277777778 0.6453034333333333 0.27676236111111113 0.6321708444444444 0.26806135000000003 0.6368038055555556 0.25767476666666667 0.6296710222222223 0.24998552222222223 0.6348074444444444 0.23456272777777779 0.6467361666666667 0.23610962222222223 0.6543404 0.23666690555555556 0.6606132333333333 0.23822069999999998 0.6611309166666667 0.2659741222222222 0.6635590277777778 0.27569844444444447 0.6569740944444444 0.27998111666666664 0.6585935944444444 0.28584570000000004 0.6530521777777778
0 0.25876578333333333 0.6796587055555555 0.2613013777777778 0.6778556388888889 0.25505836666666665 0.6727451277777777 0.2492012111111111 0.670158 0.23727919444444442 0.6736792888888888 0.24431766666666666 0.6783946611111111 0.25876578333333333 0.6796587055555555
0 0.07820416666666667 0.7985839277777778 0.08370105 0.8052889277777778 0.08576076666666667 0.8133529611111112 0.08167511666666666 0.8221241666666667 0.0729741111111111 0.8267571333333333 0.06225785555555556 0.8291390944444444 0.04509958333333333 0.8292976944444445 0.03497664444444445 0.8375407055555556 0.034436244444444444 0.8437175055555555 0.06292026666666667 0.8632884111111112 0.07135807777777778 0.8640266277777777 0.10407808888888888 0.8315530722222222 0.12756974444444444 0.8048405333333334 0.12844854444444445 0.7947957666666667 0.11836098333333334 0.7884042166666666 0.11100985000000001 0.7902507111111111 0.11308025555555555 0.7792285000000001 0.12233854999999999 0.7808683722222223 0.12444498333333333 0.7694343833333334 0.12410385555555556 0.7606908222222223 0.11122825555555556 0.7624689222222222 0.0966397388888889 0.7653419777777779 0.08723166666666667 0.7649338166666666 0.07144860555555556 0.7809804055555555 0.07818727777777777 0.7861342944444445 0.07820416666666667 0.7985839277777778
0 0 0.8522068277777778 0.012456266666666667 0.8532966111111111 0.015837427777777777 0.8498911666666668 0.02661728888888889 0.8404608111111112 0.035201777777777776 0.8308383888888888 0.041006011111111115 0.8213876666666667 0.038181294444444444 0.8157463277777778 0.033457855555555555 0.81284345 0.037075161111111116 0.8094254722222222 0.03384570555555556 0.8020889777777778 0.008299966666666667 0.8222607055555555 0.007831622222222221 0.8276139333333333 0 0.8301898000000001 0 0.8522068277777778
0 0.11151206111111112 0.8608949666666667 0.09863195555555555 0.8535496833333334 0.09297181666666667 0.8613532611111111 0.07979956111111111 0.8602008333333333 0.07135918333333333 0.8681761111111111 0.07769312222222222 0.8716348277777778 0.06684121666666666 0.8818887611111111 0.06918914444444445 0.8866585 0.08178831666666667 0.8928230388888889 0.08550505 0.8931482111111112 0.08533022222222222 0.8918051111111112 0.11100153888888889 0.8667302444444445 0.11151206111111112 0.8608949666666667
0 0.11998417222222223 0.8515505277777778 0.18253199999999997 0.7875869000000001 0.18497540555555553 0.7861193333333333 0.1862119611111111 0.7719853944444444 0.1812648722222222 0.77046355 0.1683616888888889 0.778878261111111 0.1595526 0.7847465833333334 0.14756697222222223 0.7953162666666667 0.14546053888888888 0.8067502611111111 0.1321970888888889 0.8192828388888889 0.12631235555555556 0.823332311111111 0.12208259444444444 0.8337506666666666 0.10551763333333333 0.8397703222222223 0.10270980555555555 0.8465786277777778 0.10342653888888888 0.8501019222222223 0.11998417222222223 0.8515505277777778
0 0.13217601111111113 0.7243513055555556 0.14587686111111112 0.7255499777777777 0.1510907611111111 0.7185289388888888 0.16308313333333332 0.7176348888888889 0.16420403333333333 0.7048229444444444 0.16132863333333333 0.7032420277777778 0.1546191222222222 0.7034848944444444 0.13071991666666666 0.7238006833333333 0.13217601111111113 0.7243513055555556
0 0.20616945 0.7029410111111111 0.2094328 0.6977985666666666 0.20950531111111112 0.6969697944444444 0.20258620555555554 0.6911918055555556 0.19384072222222223 0.6900117333333333 0.18863786111111114 0.6932909944444444 0.18788901111111111 0.7013416777777778 0.20616945 0.7029410111111111
0 0.22405167222222222 0.6581898166666666 0.21912417777777776 0.6562734611111111 0.2126547888888889 0.6598568444444445 0.2027924888888889 0.6714421722222222 0.20469964999999998 0.6749285333333334 0.22384316111111113 0.6605731 0.22405167222222222 0.6581898166666666
0 0.23272528333333334 0.7280444833333334 0.2335095722222222 0.7332168444444443 0.23769016111111113 0.7335826000000001 0.25224361666666667 0.7184115 0.2530399333333333 0.7093095555555555 0.24725811666666667 0.7073241777777778 0.23797223333333334 0.7123209222222223 0.23707156666666668 0.7226155888888889 0.23272528333333334 0.7280444833333334
0 0.4901345611111111 0.46892104444444443 0.49768820555555554 0.4626811055555556 0.4978755888888889 0.46053926111111115 0.4802384833333333 0.4556070944444444 0.4733556944444445 0.45210034444444447 0.40793911111111114 0.5044685666666667 0.39977135555555554 0.5099780555555555 0.4078839444444445 0.5177417777777779 0.4130015555555556 0.5202725055555556 0.42428445555555555 0.5212596333333334 0.4404650166666667 0.5056544611111111 0.47033789444444446 0.4929152666666667 0.4816666 0.4835329333333333 0.4947499222222222 0.4730592777777778 0.4901345611111111 0.46892104444444443
0 0.5054447055555555 0.41972926666666666 0.49810201666666665 0.42780057777777775 0.4977057222222222 0.4323302333333333 0.4993789388888889 0.43953057777777776 0.49026339999999996 0.4478617277777778 0.49850950555555557 0.4552553833333334 0.5099035111111111 0.45625222777777774 0.5111279166666667 0.4559112166666667 0.5112865944444445 0.45637323333333335 0.5217459888888889 0.4572883111111111 0.5302569666666667 0.4521905888888889 0.5141879333333333 0.44622039999999996 0.5203608833333333 0.4388766277777778 0.5307528944444445 0.44020075555555555 0.5474450722222223 0.42008431111111116 0.5394285666666667 0.4168933222222222 0.5484538166666667 0.4085542833333333 0.5510370444444445 0.3979918777777778 0.5632833 0.39076451111111105 0.5696724111111111 0.38095001666666667 0.5613232222222222 0.3752402888888889 0.5054447055555555 0.41972926666666666
0 0.5870310444444444 0.39763056111111106 0.5809646277777778 0.3970998166666667 0.5770866888888888 0.3971754833333333 0.5700153222222222 0.3895028555555555 0.5659572555555555 0.3916374611111111 0.5598594833333334 0.39940274444444446 0.5603776222222222 0.40484228333333333 0.5668916944444444 0.4062420611111111 0.5645606555555556 0.4139219611111111 0.5709518722222222 0.41697905555555553 0.57231235 0.4170980833333333 0.5868305055555556 0.39992272777777776 0.5870310444444444 0.39763056111111106
0 0.6683126 0.28519792222222223 0.6721460666666667 0.2793092222222222 0.6765644000000001 0.27305675555555553 0.6784703222222223 0.27023595 0.6558672888888889 0.2682584388888889 0.6406902611111112 0.28485597777777777 0.6347419222222223 0.29595385 0.6371650777777778 0.30008286666666667 0.6668212611111112 0.30267745 0.6737458777777778 0.2989513111111111 0.6900502055555555 0.28958934444444445 0.6974240833333333 0.2832036722222222 0.6976062222222222 0.28112176666666666 0.6952335444444444 0.2809141833333333 0.6825825444444444 0.28644638333333333 0.6685011777777778 0.2893638055555555 0.6683126 0.28519792222222223
0 0.6442998944444445 0.3165577444444444 0.6484108777777778 0.326461 0.6599042722222223 0.33553295 0.6615163611111111 0.3356739888888889 0.6772764722222222 0.3222633555555556 0.6777375222222223 0.3169935277777778 0.6719582611111111 0.31648791111111113 0.6691347111111111 0.30845662777777777 0.6640705277777778 0.3080135666666667 0.6610810166666667 0.3080673722222222 0.6442998944444445 0.3165577444444444
0 0.6343347500000001 0.31730417222222224 0.6296563222222222 0.3127454722222222 0.6235914555555555 0.3188538833333333 0.6177872166666667 0.3283046055555555 0.6214895777777778 0.3489024333333334 0.6350437166666667 0.35008826666666665 0.6399104166666667 0.34725262777777777 0.6418964388888889 0.34420184444444446 0.6429427611111111 0.3322423388888889 0.63948035 0.326883 0.6343347500000001 0.31730417222222224
0 0.6083637333333333 0.37359644999999997 0.6077022833333333 0.3811568611111111 0.6102974888888889 0.3813839111111111 0.6289319833333333 0.3649005722222222 0.6296506277777778 0.3566864277777778 0.6271686222222221 0.35573955 0.6175246444444444 0.3573854388888889 0.6102900333333333 0.3642213944444444 0.6083637333333333 0.37359644999999997