0 0.7489369499999999 0.7277777777777777 0.7310399333333333 0.7277777777777777 0.7283730166666668 0.7310361277777777 0.7205191833333333 0.7304851888888889 0.7043981500000001 0.7304851888888889 0.6957175944444445 0.7343417722222223 0.6940641555555556 0.7437077611111111 0.7461474888888888 0.7811358333333334 0.7494543666666666 0.7629906833333333 0.75 0.7596272000000001 0.75 0.7318995944444444 0.7489369499999999 0.7277777777777777
0 0.887433861111111 0.82751605 0.8621878166666667 0.8055555555555556 0.8594891944444445 0.8055555555555556 0.8527116388888888 0.8236594666666667 0.8634589944444444 0.8374329833333333 0.8737929888888889 0.8556140222222223 0.8973544999999999 0.8759988222222223 0.9200892833333334 0.8958326833333334 0.9295965611111111 0.894179861111111 0.9333333333333333 0.8792383611111111 0.9333333333333333 0.8769803388888888 0.9229828055555557 0.8594706055555557 0.887433861111111 0.82751605
0 0.7376405444444444 0.70620925 0.7372271833333334 0.7188808833333333 0.7512814166666667 0.7221865277777777 0.7678158055555555 0.7276959277777777 0.7810433222222222 0.7376128666666667 0.7833333333333333 0.7343258666666667 0.7833333333333333 0.7276458166666667 0.7531103666666666 0.7055555555555556 0.7391732166666666 0.7055555555555556 0.7376405444444444 0.70620925
0 0.6305555555555555 0.6805555555555556 0.005555555555555556 0.005555555555555556
0 0.575 0.5611111111111111 0.005555555555555556 0.011111111111111112
0 0.5611111111111111 0.5638888888888889 0.011111111111111112 0.005555555555555556
0 0.5166666666666667 0.5111111111111111 0.011111111111111112 0.011111111111111112
0 0.5277777777777778 0.525 0.011111111111111112 0.005555555555555556
0 0.46944444444444444 0.4638888888888889 0.011111111111111112 0.005555555555555556
0 0.525 0.5166666666666667 0.005555555555555556 0.011111111111111112
0 0.5527777777777778 0.5527777777777778 0.005555555555555556 0.005555555555555556
0 0.6388888888888888 0.6888888888888889 0.011111111111111112 0.011111111111111112
0 0.36944444444444446 0.35555555555555557 0.016666666666666666 0.011111111111111112
0 0.4377562888888889 0.4476340777777778 0.4444444444444444 0.4476340777777778 0.4444444444444444 0.42489492222222225 0.43858300555555557 0.42229081111111105 0.4311425277777778 0.42559645555555553 0.4290757333333333 0.43540485 0.4377562888888889 0.4476340777777778
0 0.25 0.37156768888888886 0.25 0.36686333888888883 0.24547784444444443 0.3566922944444444 0.24072101666666665 0.35 0.23600518333333334 0.35 0.22439649444444443 0.37156768888888886 0.23307704999999998 0.37156768888888886 0.25 0.37156768888888886
0 0.25555555555555554 0.35 0.011111111111111112 0.011111111111111112
0 0.2777777777777778 0.30833333333333335 0.011111111111111112 0.011111111111111112