0 0.6387110555555555 0.6651890333333333 0.6461958222222222 0.6647967722222222 0.6586555944444444 0.6612306555555556 0.6584893777777777 0.6580590722222222 0.6282516777777778 0.6267949277777778 0.6234796444444445 0.6270450166666667 0.6131968166666667 0.6382461722222222 0.6387110555555555 0.6651890333333333
0 0.3078499111111111 0.4614358333333333 0.31964640555555557 0.46935483333333333 0.34155304444444445 0.44890220555555554 0.3414593222222222 0.44711378888888886 0.32627850555555554 0.4479093833333333 0.3078499111111111 0.4614358333333333
0 0.27727090000000004 0.38999554999999997 0.2634642944444444 0.38444317777777776 0.25898906111111114 0.38467771666666667 0.23189181111111112 0.4035324722222222 0.2523081555555555 0.4179847222222222 0.27762923333333334 0.39683287777777776 0.27727090000000004 0.38999554999999997
0 0.1332646722222222 0.24662397777777778 0.0850693 0.28923451111111115 0.08743800555555556 0.29909427222222223 0.09223471666666667 0.2988428833333333 0.10604666666666666 0.2910067611111111 0.12354749444444443 0.2893134666666667 0.15380491666666668 0.26331188333333333 0.15349239444444443 0.25734857222222224 0.13993350555555556 0.24627447777777778 0.1332646722222222 0.24662397777777778
0 0 0.23137755555555553 0.012810416666666666 0.24694512777777777 0.06718918333333333 0.20286204444444447 0.06714369444444444 0.20199412777777775 0.04172095 0.17910024444444445 0.041472583333333334 0.1791132611111111 0 0.21309504444444444 0 0.23137755555555553
0 0.054524055555555555 0.2763282166666666 0.10773325555555555 0.23342652777777778 0.10752029444444446 0.22936296666666667 0.08434095555555556 0.21024570555555552 0.07681761111111111 0.21063998333333334 0.05441268888888889 0.22821501666666666 0.046467127777777784 0.24104925555555556 0.03093106666666667 0.2604901777777778 0.054524055555555555 0.2763282166666666
0 0.17917246111111113 0.3227462611111111 0.17727623888888888 0.3166387666666667 0.17127637777777777 0.31695320555555556 0.15430388333333334 0.33239328333333334 0.17171183888888888 0.3596538722222222 0.18110150555555554 0.35955465555555555 0.17917246111111113 0.3227462611111111
0 0.1810516777777778 0.30741626666666666 0.19763751666666668 0.3169469555555556 0.20626300555555557 0.3089056722222222 0.20571550555555554 0.2984587888888889 0.20188132222222224 0.2986597277777778 0.1810516777777778 0.30741626666666666
0 0.35051800555555557 0.40766027222222223 0.35007188333333333 0.39914768888888885 0.3226566166666667 0.3813410388888889 0.3196977222222222 0.38149611111111115 0.3038067277777778 0.39556010555555554 0.32931096111111113 0.41944716111111113 0.34454527777777777 0.4139920888888889 0.35051800555555557 0.40766027222222223
0 0.24166666666666667 0.3416666666666667 0.011111111111111112 0.011111111111111112
0 0.25555555555555554 0.37222222222222223 0.011111111111111112 0.005555555555555556
0 0.25555555555555554 0.3861111111111111 0.011111111111111112 0.011111111111111112
0 0.28055555555555556 0.37777777777777777 0.016666666666666666 0.011111111111111112
0 0 0.19689285 0.03225943888888889 0.17327362222222223 0.03217328333333334 0.17162961666666668 0.02343811111111111 0.1633688722222222 0.020859144444444446 0.16350402777777778 0 0.18092865555555554 0 0.19689285