0 0.5225113611111112 0.4876938722222222 0.5270734777777778 0.48583380555555555 0.5266383277777777 0.4775306666666667 0.49885818888888883 0.42857628333333336 0.49274826666666666 0.4327299666666667 0.5213597777777778 0.48775422222222226 0.5225113611111112 0.4876938722222222
0 0.5094793666666667 0.41547315 0.5040633222222222 0.42189055555555555 0.5272861222222223 0.4651909166666667 0.5315431166666666 0.4649678166666667 0.531072211111111 0.45598238888888887 0.5094793666666667 0.41547315
0 0.5443912166666667 0.45072055 0.5382011555555556 0.45334504444444446 0.5429732666666667 0.4643687888888889 0.5481869444444444 0.46409555 0.5479086777777779 0.4587858555555555 0.5443912166666667 0.45072055
0 0.5686447222222222 0.4298460722222222 0.5646642611111111 0.4333862388888889 0.5463451111111111 0.40214506666666666 0.5446515277777777 0.4137342611111111 0.5603346388888889 0.44676937777777775 0.5695064444444444 0.4462887055555556 0.5686447222222222 0.4298460722222222
0 0.5806025611111111 0.4120512388888889 0.5863391666666666 0.4117506 0.5868370055555556 0.4120013722222222 0.5955016222222222 0.4115472777777777 0.5950621555555555 0.40316168888888887 0.5781104444444445 0.37547505555555555 0.5743302944444444 0.3801787222222222 0.5625512333333333 0.3968966555555556 0.5683152444444445 0.4080950166666667 0.5744251611111111 0.4039413333333333 0.5806025611111111 0.4120512388888889
0 0.59869655 0.3917012222222222 0.5991373277777777 0.40011178333333336 0.6019528944444444 0.4099312722222222 0.6055256166666667 0.4110219388888889 0.6093728944444444 0.4108203166666667 0.6225309333333333 0.3965383111111111 0.6221869722222222 0.38997505555555556 0.6112399777777777 0.3717802055555556 0.6102342833333333 0.3718329111111111 0.6016226722222222 0.3816777333333334 0.59869655 0.3917012222222222
0 0.6508057444444444 0.3641434722222222 0.6593915611111112 0.35681839444444446 0.6591000666666667 0.35125630555555554 0.6483943111111111 0.3310477055555555 0.6365706833333333 0.34292384444444446 0.6486469222222222 0.36425661111111113 0.6508057444444444 0.3641434722222222
0 0.6045712611111111 0.33168525 0.6075934222222222 0.3385922333333333 0.6180864555555555 0.3380423222222222 0.6194100611111111 0.3369884388888889 0.6189348166666666 0.32792027777777777 0.6155368111111111 0.32039907777777776 0.6114234000000001 0.3182448666666667 0.60416625 0.32395722222222223 0.6045712611111111 0.33168525
0 0.7052638666666666 0.25399838333333336 0.7236242833333334 0.28800587777777775 0.7278646333333334 0.28778365 0.7332386777777777 0.27978024444444444 0.7329422944444444 0.27412487222222226 0.7284252055555556 0.26338212222222224 0.723003111111111 0.27018319444444444 0.7089712666666667 0.24840559444444443 0.7052638666666666 0.25399838333333336
0 0.7405707666666667 0.24558603888888889 0.7373341333333333 0.2516801388888889 0.7449232611111111 0.2646369277777778 0.7514526055555556 0.2642947388888889 0.7598340388888889 0.2564910388888889 0.7589463222222222 0.23955231666666665 0.7417230333333333 0.20820149444444447 0.73509495 0.21743556666666666 0.7487764055555556 0.24100887222222223 0.7405707666666667 0.24558603888888889
0 0.11888402777777779 0.8537642222222223 0.12309163333333333 0.853543711111111 0.13565380555555556 0.8436851666666666 0.13953588888888888 0.8402568611111112 0.13933852777777778 0.8364910444444444 0.1302301277777778 0.8250111055555556 0.11020085 0.8414644222222222 0.11888402777777779 0.8537642222222223
0 0.17036326666666668 0.7915675444444444 0.17052615000000002 0.7946755333333333 0.1736475888888889 0.8008255722222223 0.18333053333333332 0.8003181055555555 0.18733814999999998 0.7970122944444444 0.18694538333333333 0.7895178111111111 0.18037611666666667 0.7802910166666667 0.17036326666666668 0.7915675444444444
0 0.20758391111111113 0.7761704666666666 0.19800607222222222 0.7630461444444445 0.18871828333333332 0.7724195944444444 0.1985871611111111 0.7828290055555556 0.2007118111111111 0.7827176555555555 0.20758391111111113 0.7761704666666666