0 0.5613236777777778 0.48835547777777777 0.5290114888888888 0.4399031388888889 0.5198488833333333 0.4412661 0.4922942611111111 0.4819043 0.5345100555555555 0.5437410500000001 0.5609405722222222 0.51030345 0.5613236777777778 0.48835547777777777
0 0.6280931555555556 0.6189203111111111 0.6066271166666667 0.6496103777777777 0.6171939111111111 0.66596955 0.6420936277777778 0.6359388499999999 0.6422250277777778 0.6284107777777778 0.6348519333333333 0.6190382888888889 0.6280931555555556 0.6189203111111111
0 0.6900062222222222 0.7576633055555555 0.6993282888888889 0.7471655111111111 0.70717615 0.7556786222222223 0.7158740555555555 0.7482158055555556 0.7237485055555556 0.7552064444444445 0.7346918555555555 0.7425326333333334 0.7347252555555557 0.7406190722222222 0.7185772055555556 0.7149585500000001 0.7136796777777779 0.7148730611111112 0.6870295277777778 0.7449517055555556 0.6900062222222222 0.7576633055555555
0 0.6755018166666666 0.7451612444444444 0.6822022388888889 0.7343324222222222 0.6784311111111111 0.7213216611111111 0.6851612222222222 0.7152062166666667 0.6852994222222223 0.7072888722222223 0.6729284166666667 0.6863797388888889 0.6663250722222223 0.6862644777777778 0.6464496111111111 0.7047106333333334 0.6464114944444445 0.706894361111111 0.6716717388888889 0.74861645 0.6755018166666666 0.7451612444444444
0 0.7065032666666666 0.7905627277777777 0.7164225444444445 0.8112954555555556 0.7249386833333334 0.8077021555555556 0.75642495 0.7707485722222223 0.7565876222222221 0.7614291944444445 0.7541165500000001 0.7544737055555555 0.7517578611111111 0.7544325333333333 0.7254659222222222 0.7840405277777778 0.7222392222222223 0.772562238888889 0.7065032666666666 0.7905627277777777
0 0.8158970888888889 0.8055597 0.7614018944444445 0.8727929888888888 0.7743051777777777 0.8796417555555556 0.8222837944444445 0.8176104555555556 0.8224661611111111 0.8071627222222222 0.821290211111111 0.805653838888889 0.8158970888888889 0.8055597
0 0.7618931055555556 0.856300861111111 0.81600355 0.78643325 0.813270511111111 0.78328825 0.805634061111111 0.7831549555555556 0.7526747500000001 0.8477680833333333 0.7618931055555556 0.856300861111111
0 0.7806939833333333 0.7924231111111111 0.7929773388888889 0.7758852555555555 0.7840292722222222 0.7605522333333334 0.7828970222222221 0.7605324722222223 0.7701239555555556 0.7762477944444445 0.7806939833333333 0.7924231111111111
0 0.7490673777777779 0.8155059888888889 0.7345412166666667 0.8307429277777778 0.7411939333333333 0.8422810333333334 0.7554431500000001 0.8269958277777778 0.75556295 0.8201325833333333 0.7514112888888889 0.8155469 0.7490673777777779 0.8155059888888889
0 0.6810659388888889 0.6314988722222222 0.6758780333333333 0.6253107999999999 0.6687247666666667 0.6251859444444444 0.6576739666666667 0.6350337722222222 0.6555750555555556 0.6407509777777778 0.674471838888889 0.6543636222222222 0.6808571 0.6434632222222222 0.6810659388888889 0.6314988722222222
0 0.4779442555555556 0.46627660555555556 0.46751772777777784 0.476344 0.4832533388888889 0.49108654444444444 0.4892131111111111 0.4813284055555555 0.48939083333333333 0.47114650555555554 0.4811949277777778 0.46633334444444446 0.4779442555555556 0.46627660555555556
0 0.4294610555555555 0.39874544444444443 0.4276695055555556 0.3820530277777777 0.4145674277777778 0.3818243333333333 0.40221239999999997 0.38913227777777776 0.3997822277777778 0.39746595555555553 0.41773540555555555 0.41605448333333334 0.4239629888888889 0.41922576666666667 0.4294610555555555 0.39874544444444443