0 0.5133556611111112 0.46431253333333333 0.52121095 0.45240538333333336 0.5099543 0.43850402777777775 0.48796842777777777 0.4392717888888889 0.4785484888888889 0.44458894444444447 0.47073018888888885 0.45775854444444447 0.47128081666666666 0.47352645555555556 0.4756351444444445 0.4795891666666666 0.5077008277777778 0.48002045555555556 0.5133556611111112 0.46431253333333333
0 0.5341487166666667 0.49762717777777776 0.5527994388888889 0.5065147888888889 0.5683337666666667 0.4995355055555556 0.5669224222222222 0.48872746666666667 0.5540169388888889 0.47444322222222224 0.5515188888888889 0.46212211111111107 0.5385909277777777 0.4597397833333334 0.5338021666666667 0.4599070111111111 0.5333913444444445 0.47593900555555557 0.515978838888889 0.4800123 0.5164356333333333 0.4930931 0.5341487166666667 0.49762717777777776
0 0.5216627833333333 0.5132587666666667 0.5252886722222223 0.5026626000000001 0.5077339666666667 0.5032756222222222 0.4981678444444445 0.5000639777777778 0.49444782777777774 0.5001938833333333 0.49491830555555555 0.5136665722222222 0.5072422833333333 0.5188032333333333 0.5186553333333334 0.5199557333333333 0.5216627833333333 0.5132587666666667
0 0.6271883944444444 0.32170465000000004 0.6425269 0.33622076666666667 0.6707373444444444 0.3150720722222222 0.6644333444444445 0.3121901111111111 0.6464999 0.30195906111111115 0.6270227111111111 0.3169600777777778 0.6271883944444444 0.32170465000000004
0 0.6747151166666667 0.25000639999999996 0.7145112555555555 0.27571036666666665 0.7177697777777777 0.2755965777777778 0.7291470388888889 0.26490965555555557 0.6903485611111111 0.23764155555555558 0.6824903888888889 0.23791596666666667 0.6745633111111111 0.24565935555555557 0.6747151166666667 0.25000639999999996
0 0.7358911388888889 0.25079861111111107 0.7754603333333334 0.27297398333333334 0.8026381666666668 0.25186135 0.7581882777777779 0.22971359444444445 0.7502721444444446 0.22999003333333334 0.73565 0.24389331666666664 0.7358911388888889 0.25079861111111107
0 0.7143194944444444 0.2145687 0.7016807444444444 0.22626474444444444 0.7018420888888889 0.23088498333333335 0.7183449000000001 0.24498683333333335 0.7349506388888888 0.2238661222222222 0.7348024888888888 0.21962375555555558 0.7258933833333333 0.21416453333333332 0.7143194944444444 0.2145687
0 0.7664862388888889 0.17180399444444444 0.7908076777777778 0.18552685 0.7971657222222223 0.18995795 0.7750428833333334 0.20779197222222223 0.8235988722222222 0.23634172222222224 0.8602103277777778 0.18930743333333336 0.8585015 0.16997903888888888 0.8589119833333333 0.15212771111111112 0.8365775722222223 0.1342951 0.8151357666666667 0.14202356666666666 0.7861950055555554 0.14225869444444444 0.7662484611111111 0.16499497222222223 0.7664862388888889 0.17180399444444444
0 0.8922824444444444 0.14829768333333335 0.9074143611111112 0.13706706666666665 0.8822255055555556 0.12631387222222223 0.8974444555555555 0.11802717777777778 0.85967205 0.09831403888888889 0.841685511111111 0.09894214444444444 0.8348103833333334 0.10082636111111112 0.8254045555555556 0.10794395 0.8257136555555555 0.11679535555555556 0.8850751333333333 0.14870448333333333 0.8922824444444444 0.14829768333333335
0 0.6372298722222222 0.29088033333333335 0.65875165 0.3087094555555555 0.6728568555555555 0.2981351 0.6587699722222222 0.28877477777777777 0.6393022055555556 0.2894546111111111 0.6372279944444444 0.2908266 0.6372298722222222 0.29088033333333335
0 0.7299973000000001 0.3345900888888889 0.7407070277777779 0.3156035777777778 0.73913345 0.3001480777777778 0.7152628333333333 0.2868020055555556 0.709975688888889 0.28698663888888887 0.700817911111111 0.29838399444444447 0.7064679333333334 0.3121460833333333 0.6937675777777778 0.31803580555555555 0.6939035388888889 0.3219291166666667 0.7113828888888889 0.3344646 0.7299973000000001 0.3345900888888889
0 0.6570389388888889 0.38057601666666663 0.6667821722222222 0.3902310777777778 0.6758145666666666 0.3778175111111111 0.668105 0.3718329222222222 0.6600064333333333 0.37211572777777774 0.6568413722222223 0.3749185277777778 0.6570389388888889 0.38057601666666663