0 0.6722222222222223 0.3701243666666667 0.6722222222222223 0.36262933333333336 0.6693130888888889 0.35 0.66613715 0.35 0.6333333333333333 0.37856002222222224 0.6333333333333333 0.3833386 0.6439809722222222 0.39419356111111115 0.6722222222222223 0.3701243666666667
0 0.45143232777777775 0.6898684611111111 0.4599578555555555 0.6785025833333334 0.44067976111111107 0.6555555555555556 0.4388888888888889 0.6555555555555556 0.4388888888888889 0.6707572055555555 0.45143232777777775 0.6898684611111111
0 0.37848956666666667 0.7166666666666667 0.37222222222222223 0.7301637666666666 0.37222222222222223 0.7346451388888888 0.38963297777777783 0.7626920333333334 0.40513393333333336 0.7430600444444445 0.38533627777777774 0.7166666666666667 0.37848956666666667 0.7166666666666667
0 0.22777777777777777 0.8529720555555554 0.26780756111111115 0.9033314388888889 0.2777777777777778 0.901482 0.2777777777777778 0.8966787055555555 0.27067525555555555 0.8824755722222223 0.26990020555555555 0.864910111111111 0.24551780555555555 0.8333333333333334 0.2395463111111111 0.8333333333333334 0.22777777777777777 0.8462940666666666 0.22777777777777777 0.8529720555555554
0 0.17974858333333335 0.9166666666666666 0.15555555555555556 0.9408564 0.15555555555555556 0.9411051055555556 0.19420264444444446 0.9936581111111111 0.2217944 0.9732780388888889 0.18061769444444442 0.9166666666666666 0.17974858333333335 0.9166666666666666
0 0.2533203388888889 0.9331593611111111 0.2132622 0.8777777777777778 0.20919306666666668 0.8777777777777778 0.18888888888888888 0.8999248277777778 0.18888888888888888 0.9074585000000001 0.20526724999999998 0.9307525222222222 0.2176680611111111 0.9393588888888889 0.23626924444444444 0.9558911166666667 0.2533203388888889 0.9331593611111111
0 0.30619836666666667 0.8111111111111111 0.3 0.8126850944444445 0.3 0.818693188888889 0.31453064444444445 0.8364504944444445 0.3426649388888889 0.8204931055555555 0.3430572722222222 0.8111111111111111 0.30619836666666667 0.8111111111111111
0 0.2909877277777778 0.808432161111111 0.30137339444444444 0.79236785 0.29379455555555556 0.7833333333333333 0.2833333333333333 0.7833333333333333 0.2833333333333333 0.7871727833333334 0.2909877277777778 0.808432161111111
0 0.3999635388888889 0.6444444444444445 0.39143927222222225 0.6444444444444445 0.37222222222222223 0.6708902111111111 0.37222222222222223 0.6738531666666667 0.38543527222222224 0.6904584333333333 0.41062438333333334 0.6662393055555555 0.40597408888888886 0.6507403722222223 0.3999635388888889 0.6444444444444445
0 0.3277777777777778 0.75 0.011111111111111112 0.011111111111111112
0 0.35833333333333334 0.7361111111111112 0.005555555555555556 0.011111111111111112
0 0.37222222222222223 0.7388888888888889 0.011111111111111112 0.011111111111111112
0 0.36666666666666664 0.7138888888888889 0.011111111111111112 0.016666666666666666
0 0.14759547777777776 0.95 0.1388888888888889 0.9582908666666666 0.1388888888888889 0.9608733722222222 0.16256048333333334 0.9924312500000001 0.1739536888888889 0.9877490333333333 0.1492417388888889 0.95 0.14759547777777776 0.95