0 0.6418049499999999 0.6126047111111111 0.6227018333333334 0.6618749333333334 0.6229124888888888 0.6648874722222222 0.6358218277777777 0.6765265111111111 0.6603811555555555 0.6129382888888889 0.6574241 0.6115125111111112 0.6418049499999999 0.6126047111111111
0 0.6969914777777778 0.6588677833333333 0.6859161944444445 0.6898188111111111 0.6871404944444445 0.7073271388888889 0.6940521111111111 0.7120073222222222 0.7131932111111111 0.6642657444444444 0.7072137666666667 0.6581529722222222 0.6969914777777778 0.6588677833333333
0 0.6838033 0.6648915833333333 0.6757739666666667 0.6436440944444445 0.6737046388888889 0.6437887944444445 0.6572003222222222 0.6773734388888889 0.6576392555555556 0.6836504888888888 0.6744864777777778 0.6994253388888889 0.6757837777777778 0.6993346222222223 0.6888168944444445 0.6671099888888888 0.6838033 0.6648915833333333
0 0.7774095388888889 0.7239601555555555 0.7772462722222222 0.7216253333333333 0.7726800055555556 0.7148354666666668 0.7710265555555557 0.7149510888888888 0.7518665111111111 0.7568885888888889 0.7525351 0.7664499 0.7573741111111111 0.7705268388888888 0.7774095388888889 0.7239601555555555
0 0.5920898388888889 0.6160811277777778 0.5869497222222222 0.6284488611111111 0.5875491055555555 0.63702045 0.594588338888889 0.6404145111111111 0.60131525 0.6225429444444445 0.5968419944444444 0.6157488222222223 0.5920898388888889 0.6160811277777778
0 0.5411779833333333 0.5193970388888889 0.5309772722222222 0.5447848944444444 0.5312707777777778 0.5489822444444444 0.5492197944444445 0.5459980555555556 0.5589463333333333 0.5274691277777778 0.5474094111111111 0.5189613 0.5411779833333333 0.5193970388888889
0 0.5474876666666667 0.5468014333333333 0.54264595 0.5523704277777778 0.5444865 0.5786914999999999 0.5489996666666667 0.5752050222222223 0.5567172611111111 0.5611311277777777 0.5507071388888889 0.5465763055555556 0.5474876666666667 0.5468014333333333
0 0.48834273333333333 0.5453681277777778 0.48349098333333335 0.5457073944444445 0.48111872777777775 0.5485538222222223 0.4816785055555555 0.5565590333333333 0.49161223888888883 0.5674159888888889 0.4925781722222223 0.5673484444444444 0.5008697333333334 0.5595169277777778 0.48834273333333333 0.5453681277777778
0 0.4881644 0.4785511388888889 0.48747461666666664 0.48016299444444444 0.4891791277777778 0.5045385944444445 0.48956429444444444 0.5050685555555555 0.5012079777777778 0.4849197055555555 0.49329045 0.47819268888888894 0.4881644 0.4785511388888889
0 0.9679116833333334 0.8793954277777778 0.9498713722222222 0.8806569333333333 0.9514793 0.9036513666666666 0.9712962444444445 0.89378105 0.9679116833333334 0.8793954277777778
0 0.925 0.8333333333333334 0.011111111111111112 0.03333333333333333
0 0.9111111111111111 0.8583333333333333 0.016666666666666666 0.011111111111111112
0 0.875 0.8472222222222222 0.022222222222222223 0.011111111111111112
0 0.9388888888888889 0.8972222222222223 0.011111111111111112 0.011111111111111112