0 0.5285981000000001 0.5107611722222222 0.5238433 0.5094709555555555 0.52269295 0.5095514 0.5010004722222222 0.5676523777777778 0.5075710611111112 0.5710304833333334 0.5291780944444444 0.5190554555555555 0.5285981000000001 0.5107611722222222
0 0.5355773500000001 0.5309269166666667 0.5313248944444444 0.5312242777777777 0.5135521777777777 0.5770320333333333 0.5197099388888888 0.5827415611111111 0.5362050055555556 0.5399027611111111 0.5355773500000001 0.5309269166666667
0 0.5522034166666666 0.5297643111111111 0.5469953 0.5301285 0.5436022166666666 0.5416516444444445 0.5500659833333333 0.5435021999999999 0.5525743111111111 0.5350683444444445 0.5522034166666666 0.5297643111111111
0 0.5723004388888888 0.5582366444444444 0.5766826722222222 0.5612653222222223 0.5755341166666667 0.5448402333333333 0.5663720944444445 0.5454809055555556 0.55483185 0.5801810722222223 0.5579251777777777 0.5914774888888888 0.5723004388888888 0.5582366444444444
0 0.6055694444444444 0.5761546888888889 0.5969140666666667 0.5767599333333333 0.5964505055555556 0.5770695055555556 0.5907200166666667 0.5774702222222222 0.5855770166666667 0.5862725166666667 0.5790064333333333 0.5828944055555555 0.5746501222222222 0.59471175 0.5883787888888888 0.6098695666666667 0.5927039944444444 0.6140774833333333 0.6061551944444444 0.5845313277777777 0.6055694444444444 0.5761546888888889
0 0.6155827444444445 0.5754544944444445 0.6121695722222222 0.5769724388888889 0.6105716888888889 0.5870618666666667 0.6111591833333333 0.59546345 0.61528505 0.6050556222222222 0.62503225 0.6137775722222222 0.6260368722222223 0.6137073222222222 0.6346848722222223 0.5943139888888889 0.6342264166666667 0.5877577333333334 0.6194259166666666 0.5751857499999999 0.6155827444444445 0.5754544944444445
0 0.6756529277777777 0.6226894111111111 0.6662384055555555 0.6164652777777778 0.6640818888888889 0.6166160722222223 0.6546954777777778 0.6392615555555555 0.6678783055555556 0.6496082333333333 0.6760414555555555 0.6282455611111111 0.6756529277777777 0.6226894111111111
0 0.6248440277777778 0.6620359111111112 0.6327432444444444 0.6668212611111112 0.6365634611111111 0.6641818111111112 0.6390195388888888 0.6563025611111111 0.6383861055555555 0.6472440722222222 0.6369439333333333 0.6463593555555556 0.6264620944444445 0.6470923166666667 0.6243042111111111 0.6543161277777778 0.6248440277777778 0.6620359111111112
0 0.7380752722222221 0.7242518666666667 0.7493485055555555 0.7009265388888889 0.7555590222222222 0.7070161333333334 0.7587332277777777 0.6958029666666666 0.7583381888888889 0.6901536277777778 0.7520288333333334 0.6828648055555556 0.7477930055555556 0.6831610055555556 0.7337139166666666 0.7191525833333333 0.7380752722222221 0.7242518666666667
0 0.7658276611111112 0.7175451666666667 0.76978285 0.7231993944444445 0.7784851444444445 0.7267424277777778 0.7677785277777777 0.7518073777777778 0.7754825611111111 0.7601648555555556 0.788756761111111 0.7269487277777779 0.7875735555555555 0.7100280777777778 0.7783035611111111 0.7033039833333333 0.7717811833333333 0.7037600722222221 0.7658276611111112 0.7175451666666667
0 0.10101890000000001 0.20997068333333332 0.10075585000000001 0.2062088888888889 0.0964849 0.20327924444444442 0.08281491111111111 0.19502512222222224 0.07861179444444445 0.19531903333333334 0.07149231111111111 0.2085853722222222 0.09337744444444443 0.2224750888888889 0.10101890000000001 0.20997068333333332
0 0.15347199444444445 0.24330548333333332 0.1490913722222222 0.24051271666666665 0.13941875555555555 0.24118909444444445 0.13707008333333334 0.24767369444444445 0.13728718333333334 0.2507783722222222 0.14859966111111111 0.26075058333333334 0.1539955 0.2507919722222222 0.15347199444444445 0.24330548333333332
0 0.16636566111111112 0.2560121444444444 0.15783893333333332 0.2675466777777778 0.16819982777777778 0.27571836666666666 0.17610682222222224 0.2615246222222222 0.16848804444444443 0.25586373333333334 0.16636566111111112 0.2560121444444444