0 0.3068082555555555 0.23495759444444445 0.31470985 0.22293836666666667 0.32222222222222224 0.21495349444444445 0.32222222222222224 0.20586860555555553 0.3160764555555556 0.2 0.2908395555555556 0.2 0.28667545555555557 0.2049095222222222 0.2896791444444444 0.21918235555555554 0.2946852833333333 0.23345519444444443 0.3068082555555555 0.23495759444444445
0 0.34025380555555557 0.2557108055555556 0.3533967111111111 0.2624716222222222 0.36666666666666664 0.2630616777777778 0.36666666666666664 0.25 0.34610885555555554 0.25 0.34025380555555557 0.2557108055555556
0 0.36666666666666664 0.2812730333333333 0.3644743833333334 0.2777777777777778 0.3539243444444444 0.2777777777777778 0.3494907666666667 0.2784905833333333 0.35753695 0.28888888888888886 0.36666666666666664 0.28888888888888886 0.36666666666666664 0.2812730333333333
0 0.34646161666666664 0.3277777777777778 0.3666399722222222 0.3645449388888889 0.37164611111111107 0.3735593611111111 0.3806571666666666 0.37055455555555555 0.38980787222222224 0.3645449388888889 0.40555555555555556 0.3645449388888889 0.40555555555555556 0.3587788722222222 0.4026841944444444 0.35102330555555555 0.38165839999999995 0.34952089999999997 0.37464980000000003 0.3367504666666667 0.36063259999999997 0.32848724444444444 0.3559045888888889 0.3277777777777778 0.34646161666666664 0.3277777777777778
0 0.4444444444444444 0.3735418 0.44209940555555555 0.37222222222222223 0.4344865388888889 0.37222222222222223 0.43168365555555555 0.3806340111111111 0.4438578722222222 0.3858924222222222 0.4444444444444444 0.3842882166666667 0.4444444444444444 0.3735418
0 0.29444444444444445 0.24308923333333332 0.2785718277777778 0.22777777777777777 0.2728125444444444 0.22777777777777777 0.2673466944444444 0.23444177222222223 0.28436757777777777 0.2502170111111111 0.29444444444444445 0.24580673888888888 0.29444444444444445 0.24308923333333332
0 0.31666666666666665 0.18148422777777778 0.31302331666666666 0.17777777777777778 0.3054931888888889 0.17777777777777778 0.2979712333333333 0.18295105555555555 0.30698228888888884 0.19046307222222222 0.31666666666666665 0.18392454444444442 0.31666666666666665 0.18148422777777778
0 0.6122488611111111 0.6182174777777778 0.6142513166666667 0.60694945 0.6222222222222222 0.5972312777777778 0.6222222222222222 0.5971087277777778 0.6152525444444444 0.5836621888888889 0.6029825833333333 0.5666666666666667 0.5999852 0.5666666666666667 0.5613191222222222 0.5844133888888889 0.5902218333333333 0.6204710833333333 0.6122488611111111 0.6182174777777778
0 0.6555555555555556 0.6347529 0.6555555555555556 0.6301306611111112 0.6543930277777777 0.6240251111111111 0.6487886833333334 0.6166666666666667 0.6280498277777777 0.6166666666666667 0.6093377388888889 0.6277811166666667 0.6205058611111112 0.6435563611111111 0.6555555555555556 0.6347529
0 0.7235323277777778 0.8111111111111111 0.7094809388888889 0.8111111111111111 0.7216142111111111 0.8350026722222221 0.7277777777777777 0.8298157777777777 0.7277777777777777 0.8195086555555556 0.7235323277777778 0.8111111111111111
0 0.2743691111111111 0.1171875 0.25033963333333337 0.12770432777777777 0.26538063333333334 0.1322115388888889 0.2777777777777778 0.12755431111111112 0.2777777777777778 0.12157170555555555 0.2743691111111111 0.1171875