0 0.22120345555555557 0.2508324333333333 0.24196148333333334 0.24942896666666667 0.26443195555555554 0.24525138333333332 0.2740349166666667 0.23751009444444446 0.27383783333333334 0.23186636666666666 0.2718065611111111 0.22327922777777778 0.26174467777777777 0.20813719444444445 0.2573598166666667 0.20829031666666667 0.20459163333333333 0.24808747222222224 0.20883774444444445 0.2594072444444444 0.22120345555555557 0.2508324333333333
0 0.17898368333333334 0.2298077222222222 0.22246597222222222 0.19345423888888888 0.22215982222222222 0.18468714444444442 0.21784479999999998 0.17687844444444445 0.20564594444444445 0.1711836111111111 0.19068871666666665 0.17170593333333334 0.17569917777777777 0.19171824999999998 0.16700086666666666 0.22344034999999998 0.17898368333333334 0.2298077222222222
0 0.12811482222222223 0.19383054444444447 0.13213139444444444 0.20522617222222223 0.18802025555555554 0.16218148333333332 0.18787158333333334 0.15792411666666667 0.16990601666666666 0.13907802777777778 0.1686833888888889 0.13912072222222222 0.15354097777777778 0.14476332777777778 0.1111408388888889 0.1740658111111111 0.11506275 0.18275042777777778 0.12811482222222223 0.19383054444444447
0 0.3891245555555556 0.3495007888888889 0.3817794888888889 0.3484779777777778 0.3640099111111111 0.34909850555555555 0.34737532777777774 0.3607959277777778 0.3654020055555556 0.3752988 0.3893193222222222 0.3550782277777778 0.3891245555555556 0.3495007888888889
0 0.4460310333333333 0.3872163388888889 0.4429277 0.38525522777777776 0.4341154944444444 0.38556295555555553 0.4132811777777778 0.4032794833333333 0.42007574444444445 0.4106423277777778 0.44613791666666663 0.3902771333333333 0.4460310333333333 0.3872163388888889
0 0.42746217777777773 0.41467302777777776 0.4357909111111111 0.4219823 0.44989277777777775 0.4113111222222222 0.4507219055555555 0.4016598722222222 0.44399052222222224 0.4018949388888889 0.42746217777777773 0.41467302777777776
0 0.3246103888888889 0.25311679444444446 0.32285472777777774 0.2504747222222222 0.32056865 0.25055455 0.3032443166666666 0.2702521222222222 0.3119815111111111 0.27585068888888886 0.32488068333333336 0.26085695555555555 0.3246103888888889 0.25311679444444446
0 0.06814987777777778 0.07247568333333333 0.0671888388888889 0.07039874444444444 0.05747906666666667 0.07073781666666666 0.00836461111111111 0.11046166111111112 0.01692775 0.12291997222222223 0.06839256111111111 0.07942516111111111 0.06814987777777778 0.07247568333333333
0 0.11174531666666666 0.1485653111111111 0.12344814444444445 0.1580639388888889 0.14283842777777778 0.14184145555555555 0.14238723888888888 0.1289211222222222 0.13810834444444445 0.12907054444444443 0.11174531666666666 0.1485653111111111
0 0.10464721666666667 0.16249908333333335 0.10086036666666666 0.15816598333333334 0.0916078111111111 0.15848908888888888 0.08138792222222221 0.17156532222222223 0.09520152222222222 0.17854734444444445 0.10495833333333332 0.17140837222222222 0.10464721666666667 0.16249908333333335
0 0.7648431666666667 0.6023144166666666 0.7294022944444445 0.5753732222222222 0.7242152944444444 0.5755543555555556 0.71664075 0.5861102555555556 0.7387661166666667 0.60684865 0.7649334777777779 0.6049004944444444 0.7648431666666667 0.6023144166666666