0 0.24078294444444445 0.2855080777777778 0.22669351666666668 0.28000687222222226 0.21253419999999998 0.2765069 0.20748234444444447 0.28049712222222223 0.20660158888888888 0.30571865 0.21225213888888889 0.31206548333333334 0.22133149444444444 0.3123825388888889 0.22957367777777776 0.3051534111111111 0.24186134444444443 0.29767609444444443 0.24078294444444445 0.2855080777777778
0 0.2677327 0.34519639444444444 0.2614346833333333 0.33182555 0.25552301666666666 0.33747772777777774 0.25480556111111113 0.35802301666666664 0.2678592777777778 0.3584788611111111 0.2677327 0.34519639444444444
0 0.29367075555555555 0.3593802166666667 0.29398938333333335 0.35025606111111107 0.2838782166666667 0.34185188333333333 0.2830111166666667 0.34625788333333335 0.2826429277777778 0.35680150000000005 0.2860595444444444 0.3591144277777778 0.29367075555555555 0.3593802166666667
0 0.3679235166666666 0.4008857777777778 0.36847310555555557 0.3851476833333333 0.37479841666666663 0.37621228888888886 0.3781158722222222 0.3673115888888889 0.36928165 0.3619939 0.33324110555555553 0.3405446777777778 0.33291155 0.3499819 0.3334555777777778 0.3547317888888889 0.34122457222222224 0.36902883333333336 0.35374262777777776 0.37647884444444446 0.35451033333333337 0.3975442666666667 0.3621609666666667 0.4006845444444444 0.3679235166666666 0.4008857777777778
0 0.3862975666666667 0.44044000555555557 0.38792126666666665 0.4399097777777778 0.38309093333333333 0.4275594611111111 0.37458645 0.43006706666666666 0.37432076111111107 0.4376752944444445 0.3755576944444445 0.4400649611111111 0.3862975666666667 0.44044000555555557
0 0.2531353722222222 0.2856984444444444 0.25789463333333335 0.27578163333333333 0.2427230277777778 0.2582205722222222 0.23587233333333332 0.2634505222222222 0.23567133888888891 0.2692063 0.2504195222222222 0.28560360555555553 0.2531353722222222 0.2856984444444444
0 0.19051532777777777 0.3057474722222222 0.19738785555555557 0.2962971888888889 0.19019489444444446 0.28702945555555553 0.18476225555555553 0.2943662833333333 0.1844994611111111 0.3018918222222222 0.18807649999999998 0.30566230555555557 0.19051532777777777 0.3057474722222222
0 0.617249 0.5943712555555555 0.5822219611111111 0.5642277555555556 0.5631366222222223 0.6022509222222222 0.5630320166666667 0.6052464833333333 0.5795889666666667 0.6181021055555556 0.5927840777777778 0.6255368111111111 0.5929065555555556 0.6255410888888889 0.6028969833333333 0.6179142000000001 0.6142280333333333 0.6163062111111112 0.617249 0.5943712555555555
0 0.6185613166666667 0.6586273888888889 0.6246225777777777 0.6600022888888889 0.629242 0.6601636055555555 0.6392633166666667 0.6254424944444444 0.6238874444444444 0.6137306277777778 0.6121267222222222 0.6320434333333333 0.6114029444444444 0.6527696555555556 0.6185613166666667 0.6586273888888889
0 0.8036108111111111 0.72021095 0.8031204222222222 0.7342537777777778 0.8113646888888889 0.7387897111111111 0.8216655333333334 0.7391494277777778 0.8270643722222223 0.7331706333333332 0.8036108111111111 0.72021095
0 0.13664413888888888 0.2374987888888889 0.12529510555555554 0.26114659444444444 0.12955767777777777 0.26470619444444443 0.1355366388888889 0.26491498333333335 0.14062368333333333 0.25268792222222225 0.13664413888888888 0.2374987888888889