0 0.2412543611111111 0.7699308888888888 0.24057619444444442 0.7491365222222222 0.2371853611111111 0.7265339444444444 0.22978392777777776 0.7166666666666667 0.2241367611111111 0.7166666666666667 0.2154839611111111 0.7183970166666667 0.2 0.7279243166666667 0.2 0.7323118500000001 0.23793132777777776 0.786436788888889 0.2493923888888889 0.7825883222222222 0.2412543611111111 0.7699308888888888
0 0.21876900555555556 0.8113911888888888 0.18395517777777778 0.7666666666666667 0.17518274444444443 0.7666666666666667 0.16722820555555556 0.770706538888889 0.16111111111111112 0.7826992166666668 0.16111111111111112 0.7976655611111111 0.18058811111111112 0.8133443888888889 0.21198732222222225 0.8231444888888889 0.21876900555555556 0.8113911888888888
0 0.18103845 0.8609734777777778 0.19256731111111108 0.85735705 0.1514993388888889 0.8 0.1472393777777778 0.8 0.12777777777777777 0.8172969055555555 0.12777777777777777 0.8185202777777778 0.13288848333333333 0.833850388888889 0.16069337222222224 0.8772473388888888 0.1695095722222222 0.8736309055555557 0.18103845 0.8609734777777778
0 0.3457229722222222 0.6055555555555555 0.34444444444444444 0.61286045 0.34444444444444444 0.6306408611111111 0.35555420555555556 0.6476735444444445 0.3706773611111111 0.6301639944444445 0.35130381111111114 0.6055555555555555 0.3457229722222222 0.6055555555555555
0 0.38540155555555555 0.55 0.38333333333333336 0.553033 0.38333333333333336 0.5618505777777778 0.40031196111111106 0.5832904999999999 0.40790744444444443 0.5767570277777778 0.38846421666666664 0.55 0.38540155555555555 0.55
0 0.4121934722222222 0.5695157666666667 0.4197889611111111 0.5614471944444445 0.40961643333333336 0.5469815 0.4 0.5458160555555556 0.4 0.5525515388888889 0.4121934722222222 0.5695157666666667
0 0.24714617777777775 0.6666666666666666 0.24444444444444444 0.6683290555555556 0.24444444444444444 0.6706165222222222 0.26352540555555554 0.6886177388888889 0.2694254833333333 0.6800812555555555 0.25489106111111115 0.6666666666666666 0.24714617777777775 0.6666666666666666
0 0.05766476666666666 0.9166666666666666 0.05555555555555555 0.9175546388888888 0.05555555555555555 0.9272703277777777 0.09354112777777777 0.9777412055555555 0.10629069999999999 0.9696180722222222 0.06461848333333334 0.9166666666666666 0.05766476666666666 0.9166666666666666
0 0.1352295 0.8757532777777778 0.14513076666666666 0.8643890722222223 0.12959487777777778 0.8444444444444444 0.11666666666666667 0.8444444444444444 0.11666666666666667 0.84872595 0.1352295 0.8757532777777778
0 0.14890706666666667 0.8833333333333333 0.14444444444444443 0.8869666555555555 0.14444444444444443 0.89622485 0.15715604444444445 0.9068948666666666 0.1646159 0.89333335 0.15782178333333335 0.8833333333333333 0.14890706666666667 0.8833333333333333
0 0.6114949833333333 0.2388888888888889 0.5833333333333334 0.2733679388888889 0.5833333333333334 0.27855810000000003 0.59361845 0.2864964277777778 0.6151163777777778 0.26510829999999996 0.6140826388888889 0.2388888888888889 0.6114949833333333 0.2388888888888889