0 0.7666666666666667 0.9506709722222223 0.760764938888889 0.9444444444444444 0.75942035 0.9444444444444444 0.7515321 0.9598421611111111 0.7611708388888889 0.9682604944444445 0.7666666666666667 0.9672614611111112 0.7666666666666667 0.9506709722222223
0 0.5888888888888889 0.6827354666666667 0.5710037166666667 0.6568381333333333 0.5626944777777777 0.6710163111111112 0.5793129611111111 0.6976004666666666 0.5888888888888889 0.6874895833333333 0.5888888888888889 0.6827354666666667
0 0.6222222222222222 0.7356338888888888 0.6129355555555556 0.7333333333333333 0.5993941444444444 0.7333333333333333 0.6039066888888889 0.743702388888889 0.61853095 0.7623112666666666 0.6222222222222222 0.7499025555555556 0.6222222222222222 0.7356338888888888
0 0.7462739944444444 0.8526191999999999 0.7555555555555555 0.8588056277777778 0.7555555555555555 0.8385617722222222 0.7442797888888889 0.8167305222222222 0.74560925 0.8295795944444445 0.7394604166666667 0.8340102833333333 0.7462739944444444 0.8526191999999999
0 0.5777777777777777 0.48641063333333334 0.5755300833333333 0.48333333333333334 0.5650914555555556 0.48333333333333334 0.5600712944444445 0.48959125555555555 0.5743631666666666 0.5121876777777777 0.5777777777777777 0.5052756111111112 0.5777777777777777 0.48641063333333334
0 0.5031988666666667 0.30785660000000004 0.4962191166666666 0.3069705 0.504196 0.33577 0.4975486055555556 0.3614679611111111 0.5158289388888889 0.3871659222222222 0.5222222222222223 0.37898424444444445 0.5222222222222223 0.3550458444444444 0.5168260444444445 0.35039123333333333 0.5031988666666667 0.30785660000000004
0 0.2721406055555556 0.5709317555555555 0.3055555555555556 0.5700832833333334 0.3055555555555556 0.5589503166666667 0.29906255555555555 0.5607411722222223 0.2807822222222222 0.5602980277777778 0.2671447388888889 0.5555555555555556 0.25473083333333335 0.5555555555555556 0.25186606666666667 0.5585258277777778 0.2721406055555556 0.5709317555555555
0 0.3772842111111111 0.4222222222222222 0.37157403888888885 0.4240430222222222 0.3799386722222222 0.45473109444444443 0.37960629999999995 0.49770877222222226 0.39444444444444443 0.4800787444444445 0.39444444444444443 0.4508404111111111 0.3938981888888889 0.44985735 0.38525661111111115 0.4529588888888889 0.38957739444444445 0.44055291111111117 0.3814519111111111 0.4222222222222222 0.3772842111111111 0.4222222222222222
0 0.4444444444444444 0.4747391055555556 0.4444444444444444 0.48780632777777777 0.4458902944444445 0.5037074222222222 0.46317352777777776 0.5028213166666666 0.4502111277777778 0.4651604388888889 0.5165209166666667 0.39444444444444443 0.5039558722222223 0.39444444444444443 0.50006655 0.4080045777777778 0.49745086666666666 0.39444444444444443 0.4956382222222222 0.39444444444444443 0.45685852222222223 0.4469946111111111 0.4444444444444444 0.4747391055555556
0 0.4297711611111111 0.4348284388888889 0.43475670555555557 0.44014523333333333 0.4513751888888889 0.44147447777777776 0.4921036277777778 0.38333333333333336 0.4904677 0.38333333333333336 0.47530585000000003 0.39362296111111106 0.4523723277777778 0.4197639777777778 0.4297711611111111 0.4348284388888889
0 0.5158300388888889 0.05729390555555556 0.5444444444444444 0.05848595555555555 0.5444444444444444 0.056395433333333335 0.5267781222222222 0.044444444444444446 0.5219676444444444 0.044444444444444446 0.4799341166666667 0.05507856111111112 0.4733044611111111 0.07008095 0.5158300388888889 0.05729390555555556
0 0.19755646666666668 0.4666666666666667 0.19691912777777776 0.4666666666666667 0.19398021666666665 0.4710197555555556 0.20206082777777779 0.4945223111111111 0.21656924444444445 0.5231659777777777 0.23603623333333335 0.5454444166666667 0.25 0.5575342833333333 0.25 0.5493705611111112 0.24925908333333335 0.5471581444444444 0.24977943333333336 0.5470480277777777 0.2266700388888889 0.5251245388888889 0.19755646666666668 0.4666666666666667
0 0.2487920111111111 0.31428256111111114 0.27303391111111114 0.3125688555555556 0.29444444444444445 0.3212455111111111 0.29444444444444445 0.3084934555555555 0.28530485555555557 0.3055555555555556 0.24869925555555558 0.3055555555555556 0.23740565555555557 0.3074276888888889 0.23740565555555557 0.3055555555555556 0.23731437777777778 0.3055555555555556 0.2177550222222222 0.3240752722222222 0.21004167777777777 0.3309302 0.19020739444444443 0.3786696722222222 0.18674863333333333 0.41607150555555555 0.19112565 0.40657886666666665 0.1953496222222222 0.3989895722222222 0.2050831111111111 0.3691217666666667 0.21389836111111113 0.34659854444444443 0.2271212 0.3328887555555555 0.2487920111111111 0.31428256111111114