0 0.5456569666666666 0.6252410277777778 0.5443472333333333 0.61870625 0.5384796333333333 0.6180815166666667 0.5322392055555555 0.6178636 0.5339015055555556 0.6415037277777778 0.5448640444444445 0.6479473 0.5456569666666666 0.6252410277777778
0 0.4757475888888889 0.4824762611111111 0.43899858333333336 0.4811929555555556 0.5198182611111111 0.5958382833333333 0.5359212166666667 0.5856617555555556 0.5359975444444445 0.5834761277777777 0.5074511666666667 0.5611697055555556 0.5073961944444445 0.53511025 0.4910875388888889 0.5323692722222222 0.48674822222222225 0.5184651444444444 0.49202162777777775 0.5056205277777778 0.4757475888888889 0.4824762611111111
0 0.4423027333333333 0.4312778666666667 0.41014117777777775 0.4301547555555556 0.43975613333333335 0.47885977222222226 0.4458790166666667 0.4579494333333333 0.44652975 0.4393149666666667 0.4423027333333333 0.4312778666666667
0 0.4745179833333333 0.4337731777777778 0.4366719055555556 0.38660969444444443 0.4307561444444445 0.3864031111111111 0.4167433111111111 0.395613 0.45335099444444443 0.4526255611111111 0.47438122222222223 0.43768954444444447 0.4745179833333333 0.4337731777777778
0 0.4041024111111111 0.3354418666666667 0.37973086111111115 0.33459079444444445 0.4071833611111111 0.3780811611111111 0.4268531055555555 0.3660312166666667 0.42699911111111116 0.36185015555555555 0.4041024111111111 0.3354418666666667
0 0.3740966888888889 0.28490464444444447 0.3654028444444445 0.26738314444444444 0.3542931777777778 0.2669951888888889 0.3436315833333333 0.27174031666666665 0.3596926111111111 0.2966939111111111 0.3738714111111111 0.2913557 0.3740966888888889 0.28490464444444447
0 0.2956553388888889 0.21002404444444445 0.2893424277777778 0.22500381111111112 0.31422869444444446 0.2584447777777778 0.3421482666666667 0.2999247277777778 0.34577304444444446 0.3000513111111111 0.3461739944444444 0.2885696166666667 0.34065942222222223 0.27529181666666663 0.33748588333333335 0.25563784444444443 0.3301795277777778 0.24380157777777778 0.30566958888888884 0.20970779444444443 0.2970973611111111 0.20940844444444445 0.2956553388888889 0.21002404444444445
0 0.40459306666666667 0.06719665555555555 0.42694136666666666 0.0904155 0.4405146222222222 0.11622320000000001 0.44500642777777777 0.14786624444444443 0.45669311111111105 0.14827435 0.4581872833333333 0.10548682222222222 0.4501480611111111 0.08905444444444445 0.4309688222222222 0.05798422222222222 0.4052960666666667 0.04641857222222222 0.39210951666666666 0.04595808888888889 0.3742819777777778 0.05093792777777778 0.40459306666666667 0.06719665555555555
0 0.25306433333333334 0.18376756111111112 0.26086254999999997 0.18457356666666666 0.26139959999999995 0.16919435 0.2547097222222222 0.16428187777777778 0.24785779444444447 0.13943268888888888 0.23787589444444446 0.12395625555555555 0.22933708888888887 0.12365807777777778 0.21641835555555555 0.12581270555555557 0.25306433333333334 0.18376756111111112
0 0.15850182777777777 0.10190188333333333 0.18389084444444445 0.10662475555555556 0.20329401111111112 0.1171896888888889 0.20893223888888887 0.11738658333333332 0.21328420555555555 0.11435357777777777 0.21333435555555558 0.11291745555555556 0.18985031666666666 0.10176610555555556 0.17997042777777778 0.09969838888888888 0.16191495555555555 0.09906787777777779 0.15850182777777777 0.10190188333333333
0 0.6333333333333333 0.7305555555555555 0.022222222222222223 0.022222222222222223
0 0.6083333333333333 0.6638888888888889 0.03333333333333333 0.022222222222222223
0 0.5972222222222222 0.6361111111111111 0.016666666666666666 0.022222222222222223
0 0.6055555555555555 0.7166666666666667 0.027777777777777776 0.027777777777777776
0 0.5916666666666667 0.6833333333333333 0.011111111111111112 0.011111111111111112
0 0.6361111111111111 0.7027777777777777 0.011111111111111112 0.016666666666666666
0 0.6194444444444445 0.7 0.016666666666666666 0.022222222222222223
0 0.7096573944444444 0.8636885166666667 0.6700302444444445 0.8172383333333334 0.6635090111111112 0.8170106055555556 0.6556312722222222 0.8198768944444444 0.6952565277777778 0.8733757222222222 0.7095779111111111 0.8659645833333334 0.7096573944444444 0.8636885166666667