0 0.7071042722222222 0.2223869777777778 0.71722385 0.2294395388888889 0.7399309944444444 0.2320394888888889 0.7607363611111111 0.23199152777777776 0.7736700999999999 0.23968286111111112 0.7771162333333334 0.2280944722222222 0.7217004833333334 0.19207518333333332 0.7173156222222222 0.19222830555555556 0.7083345111111111 0.20803533333333332 0.7069071888888889 0.21674325 0.7071042722222222 0.2223869777777778
0 0.8128961388888889 0.20088519444444444 0.8020061944444445 0.16984712777777777 0.7856571777777778 0.1509291722222222 0.7706999499999999 0.15145149444444445 0.7589280611111112 0.1579834 0.755168261111111 0.16607408333333334 0.7554744166666667 0.17484117222222223 0.8013866777777778 0.20807292777777778 0.8128961388888889 0.20088519444444444
0 0.8464101111111112 0.18028301111111109 0.8496219833333334 0.1686349611111111 0.86186935 0.15667136666666664 0.8651759 0.14773432777777779 0.8208350111111111 0.12146090555555555 0.8053358777777777 0.11688832777777777 0.80411325 0.11693102222222222 0.7875060777777777 0.1369844222222222 0.78765475 0.1412417888888889 0.8464101111111112 0.18028301111111109
0 0.6073628888888889 0.34060043333333334 0.6001070611111111 0.3421331166666667 0.6003018333333333 0.3477105555555555 0.6255714055555556 0.3662134833333333 0.6425425 0.35048846666666666 0.6251324666666667 0.3399799055555555 0.6073628888888889 0.34060043333333334
0 0.5489290833333333 0.38155357777777776 0.5459701111111112 0.38372638888888894 0.5460769999999999 0.3867871888888889 0.5734962833333334 0.4052847611111111 0.5797607 0.39746589444444447 0.5577412944444444 0.38124585 0.5489290833333333 0.38155357777777776
0 0.5422981944444445 0.3984619611111111 0.5437985388888888 0.4080318611111111 0.558610438888889 0.41769335 0.5664090166666667 0.4098208944444444 0.5490295777777777 0.3982268944444444 0.5422981944444445 0.3984619611111111
0 0.6593077555555555 0.2387255222222222 0.6577406666666666 0.24148362777777777 0.6580109611111111 0.24922379444444445 0.6719246222222223 0.2632812 0.6802499944444445 0.2570867944444445 0.6615938277777778 0.23864568888888887 0.6593077555555555 0.2387255222222222
0 0.9017893888888889 0.04125385 0.9009755666666667 0.043392766666666666 0.9012182500000001 0.05034225 0.9555917388888889 0.09014109999999999 0.9632649666666667 0.07711580555555556 0.9114991611111112 0.04091477777777778 0.9017893888888889 0.04125385
0 0.8308564777777778 0.10487924444444445 0.8313076666666667 0.11779958333333335 0.8517823388888889 0.13262995 0.8627940722222222 0.12233810555555556 0.8351353777777777 0.10472982222222223 0.8308564777777778 0.10487924444444445
0 0.8743222166666667 0.1311561 0.87084685 0.1357428 0.8711579722222222 0.1446520888888889 0.8813890055555557 0.15109307222222224 0.8946819166666666 0.14316447222222223 0.8835747722222222 0.1308329888888889 0.8743222166666667 0.1311561
0 0.2764142888888889 0.5911919111111111 0.24293907222222222 0.6205397111111111 0.24302937777777778 0.6231257888888889 0.26926889444444446 0.6232438555555555 0.2898937277777778 0.6010125888888889 0.2816012888888889 0.5910107777777778 0.2764142888888889 0.5911919111111111