0 0.31617578888888886 0.22837675555555556 0.3244920333333333 0.21664061111111113 0.33227850000000003 0.20892278333333333 0.33259555555555553 0.19984342777777778 0.3266583444444444 0.19376391111111113 0.30143682222222223 0.19288315555555555 0.29710391666666663 0.19764436666666668 0.2996076611111111 0.2120133277777778 0.3041126333333333 0.22645218333333333 0.31617578888888886 0.22837675555555556
0 0.3488766888888889 0.25028455555555557 0.36177563888888886 0.2574999388888889 0.37501691666666664 0.25855275 0.3754727666666667 0.24549902777777777 0.3549274777777778 0.24478157222222222 0.3488766888888889 0.25028455555555557
0 0.37438135 0.2767530111111111 0.37231238333333333 0.2731833722222222 0.36176877222222226 0.2728151833333333 0.3573130222222222 0.2733728222222222 0.36499140555555554 0.2840456055555555 0.3741155611111111 0.28436422777777776 0.37438135 0.2767530111111111
0 0.35256561666666664 0.32252427777777776 0.3714485277777778 0.35997325555555554 0.37613701666666666 0.36915689999999995 0.38524745000000005 0.3664684055555556 0.39460231111111116 0.36078180555555556 0.4103404 0.3613313888888889 0.4105416333333333 0.3555688388888889 0.40794268888888885 0.34771778333333336 0.38698213333333337 0.34548250555555554 0.38042348888888894 0.33247525555555557 0.3667032055555555 0.3237278722222222 0.3620028388888889 0.32285383333333334 0.35256561666666664 0.32252427777777776
0 0.44889161666666666 0.3716799722222222 0.4465940555555556 0.3702793611111111 0.4389858277777778 0.37001367222222226 0.4358910833333334 0.37832252222222224 0.4478743722222222 0.3840026 0.44851657222222224 0.38241984444444443 0.44889161666666666 0.3716799722222222
0 0.3035357222222222 0.23607194999999997 0.28820713333333337 0.22021587777777776 0.28245136111111113 0.22001487777777776 0.27675626666666664 0.2264840611111111 0.29321623333333335 0.24284371111111114 0.3034408777777778 0.2387878 0.3035357222222222 0.23607194999999997
0 0.3278943888888889 0.17528001666666665 0.3243826111111111 0.1714486722222222 0.3168570722222222 0.17118587777777777 0.30915915 0.1760934888888889 0.3179025555555555 0.1839154111111111 0.3278092222222222 0.17771885 0.3278943888888889 0.17528001666666665
0 0.60805475 0.6220628888888889 0.6104492333333333 0.6108716111111111 0.6187544444444444 0.601437538888889 0.6187587222222223 0.6013150666666667 0.6122625666666667 0.5876334777777779 0.6005932166666667 0.5702200944444444 0.5975976611111111 0.570115488888889 0.5583357833333333 0.5865019722222222 0.5859624944444444 0.6235463944444444 0.60805475 0.6220628888888889
0 0.6507579888888889 0.6400996222222223 0.6509193 0.6354802 0.6499705611111112 0.6293378000000001 0.6446264388888889 0.6217882444444445 0.6239002166666666 0.6210644722222223 0.6048116388888889 0.6315191055555556 0.6154224055555555 0.6476745055555556 0.6507579888888889 0.6400996222222223
0 0.7125385388888889 0.8187227555555555 0.6984957055555555 0.8182323722222222 0.7097877833333334 0.8425328222222223 0.7161286166666667 0.8375641944444444 0.7164883277777777 0.82726335 0.7125385388888889 0.8187227555555555
0 0.2878665222222222 0.10954629444444446 0.26348465 0.1192181 0.2783591888888889 0.12424748888888888 0.2909113166666667 0.12002574999999999 0.29112010555555556 0.11404678888888889 0.2878665222222222 0.10954629444444446