0 0.5853399388888889 0.41695994999999997 0.6282838777777778 0.4554556166666667 0.6285529722222222 0.45547916111111114 0.65160405 0.4388158555555555 0.6133021055555555 0.3983771111111111 0.6122511722222223 0.39828516666666663 0.5857253277777777 0.4125549666666667 0.5853399388888889 0.41695994999999997
0 0.6932970055555555 0.41736437777777774 0.6462486277777778 0.3742180111111111 0.6440910833333333 0.38285980000000003 0.6413051833333333 0.4147027777777778 0.6681652055555556 0.4342268833333333 0.6932970055555555 0.41736437777777774
0 0.7439389277777778 0.38896508333333335 0.7089814777777778 0.3520549055555556 0.6961845833333333 0.3600121055555555 0.6826759166666666 0.34867876666666664 0.6748256055555556 0.34799195 0.6692094333333333 0.35072715 0.6689352166666667 0.35386144444444445 0.7277939444444446 0.40198927222222225 0.7436879166666667 0.3918341111111111 0.7439389277777778 0.38896508333333335
0 0.79779065 0.3605181611111111 0.807224461111111 0.35317440555555557 0.7934947555555556 0.34164382777777774 0.7803487833333334 0.3404937055555556 0.7761560111111111 0.34501021111111113 0.79779065 0.3605181611111111
0 0.7577736777777777 0.3583188611111111 0.7716545666666667 0.3723822722222222 0.7827238111111111 0.36672465 0.7674481833333333 0.3505186 0.7620061666666668 0.3500424888888889 0.7582673666666666 0.35267598333333333 0.7577736777777777 0.3583188611111111
0 0.8411417777777778 0.23407414444444447 0.8569528555555554 0.25841382777777777 0.888791988888889 0.2495811111111111 0.8685880277777778 0.22552454444444442 0.8538169833333333 0.22423224444444445 0.8415539833333333 0.22936265 0.8411417777777778 0.23407414444444447
0 0.9356375 0.17386875555555556 0.9479035277777778 0.19441755555555554 0.9640666944444445 0.1894779 0.9502527555555557 0.17132473888888888 0.9387218222222222 0.1703159111111111 0.9358872944444444 0.1710135611111111 0.9356375 0.17386875555555556
0 0.96374205 0.25783760555555557 0.9777398611111111 0.24998548888888888 0.9709503388888889 0.24005686666666667 0.9578310944444444 0.23890907777777776 0.9574645722222223 0.2430984333333333 0.96374205 0.25783760555555557
0 0.2388034 0.6483364388888889 0.2721936555555556 0.6538899833333334 0.26254665555555556 0.6353752777777777 0.2483237888888889 0.6341309388888889 0.23254567222222222 0.63680605 0.2388034 0.6483364388888889
0 0.30916178333333333 0.5836858055555556 0.2974656277777778 0.5826625222222223 0.28067815 0.5846318944444444 0.27908794444444446 0.6028080222222222 0.3087650111111111 0.600305188888889 0.30916178333333333 0.5836858055555556
0 0.4964372111111111 0.4769800222222222 0.5410166833333333 0.5147420500000001 0.5419179944444444 0.5148209055555555 0.5496047611111111 0.5025317888888888 0.5049655444444444 0.4669737666666667 0.49832458333333335 0.46639276111111116 0.49727241666666666 0.46743359444444443 0.4964372111111111 0.4769800222222222