0 0.5425100222222222 0.46398442777777776 0.5081703777777778 0.4387369666666667 0.48622240555555557 0.4391200666666667 0.4389272611111111 0.4731035388888889 0.4406091611111111 0.48221299444444443 0.48218425000000004 0.5083325722222223 0.5425100222222222 0.46398442777777776
0 0.6233689722222222 0.35338013888888886 0.6142595055555555 0.3610758388888889 0.6143774833333333 0.3678346111111111 0.6457980055555556 0.38821651111111116 0.6617784388888889 0.3770852277777778 0.6308970444444445 0.35324873888888886 0.6233689722222222 0.35338013888888886
0 0.7072848555555555 0.27895152777777776 0.7382752499999999 0.3045357166666667 0.7508752222222222 0.30111720555555554 0.7400584833333335 0.2921671888888889 0.7482925277777778 0.284027 0.7405307 0.27559484444444443 0.7472422722222223 0.2674812166666667 0.7341942611111111 0.2569868444444445 0.7322807 0.25702024444444443 0.7071993666666666 0.274054 0.7072848555555555 0.27895152777777776
0 0.7016586388888888 0.3464571888888889 0.7424737444444445 0.31975625 0.7388869777777777 0.31604909444444446 0.7278309111111112 0.30973066666666665 0.7149596833333334 0.3139535666666667 0.7086130888888889 0.3074409833333333 0.7006957388888888 0.30757918333333334 0.6802310833333334 0.32067236666666665 0.6803463444444445 0.3272757111111111 0.6994749111111112 0.3464953055555556 0.7016586388888888 0.3464571888888889
0 0.7759988499999999 0.26475855555555555 0.7646401666666667 0.2683838777777778 0.7831788666666667 0.2834820388888889 0.8035527833333334 0.2728452388888889 0.7996644666666667 0.26445969444444445 0.7616345388888888 0.23428226666666668 0.7523151611111112 0.23444493888888887 0.7454501444444445 0.23715724444444447 0.7454913166666667 0.23951593333333332 0.7759988499999999 0.26475855555555555
0 0.7957217 0.16701045 0.7942547777777778 0.16823834444444444 0.7943489166666667 0.17363146666666668 0.8634430944444444 0.22574705555555555 0.8698373777777778 0.21261261666666667 0.8061694333333334 0.16682808333333332 0.7957217 0.16701045
0 0.7723159888888889 0.1846701611111111 0.8387380111111112 0.23534224444444443 0.8469438722222222 0.22583171111111108 0.7752303944444444 0.1741925722222222 0.7721826944444444 0.17703370555555556 0.7723159888888889 0.1846701611111111
0 0.7505007944444445 0.20818285555555557 0.7666523222222222 0.22039968333333332 0.7824488944444444 0.2092715888888889 0.7654924333333333 0.1975728777777778 0.7504810333333334 0.20705060555555554 0.7505007944444445 0.20818285555555557
0 0.81101855 0.23342026666666665 0.80658055 0.2377294388888889 0.8066214666666667 0.24007334444444445 0.8223560777777777 0.25405889444444446 0.8336549777777778 0.24700755555555556 0.8178817944444445 0.23330046666666668 0.81101855 0.23342026666666665
0 0.6481806111111111 0.3202472333333333 0.6370640055555555 0.31424627777777775 0.6250996555555556 0.31445511666666665 0.6190964111111111 0.3198558222222222 0.6192212722222222 0.32700908888888885 0.6294487722222223 0.33770947222222225 0.6352357444444444 0.3396075777777778 0.6481806111111111 0.3202472333333333
0 0.4715343388888889 0.5116096722222222 0.46701014444444444 0.5199685666666667 0.46706688333333335 0.5232192388888889 0.47749202222222226 0.5332880666666666 0.49167642777777776 0.5170475333333333 0.48171623333333335 0.51143195 0.4715343388888889 0.5116096722222222
0 0.4189766111111111 0.5851441388888889 0.4219286277777778 0.5788096722222222 0.40126890000000004 0.5740297111111111 0.3846491777777778 0.5764027222222222 0.38487787222222225 0.5895048 0.3926125555555556 0.6015972611111111 0.4010259666666667 0.6037351055555555 0.4189766111111111 0.5851441388888889