0 0.5429123888888889 0.457027 0.5116248666666667 0.48548195555555557 0.5114921499999999 0.48928241666666666 0.5307041444444445 0.4944801555555556 0.5595472888888889 0.4718101 0.5539237166666667 0.46071464999999995 0.5476122944444444 0.45719112222222225 0.5429123888888889 0.457027
0 0.4940810611111111 0.5273875722222222 0.5038884222222222 0.5190859666666666 0.5108670277777777 0.5071836444444445 0.5109104555555556 0.5059399444444445 0.4791706055555556 0.5048315611111112 0.47173162222222226 0.5135640277777778 0.47135761666666665 0.5242741222222222 0.4771623 0.5241659444444444 0.4838729333333333 0.5300377388888888 0.4940810611111111 0.5273875722222222
0 0.6666666666666666 0.39444444444444443 0.016666666666666666 0.011111111111111112
0 0.6162671444444444 0.41305250555555556 0.6220065 0.40648798888888893 0.6208036555555556 0.4041576 0.5980714666666667 0.40336377777777777 0.597913 0.4079016055555556 0.5977082 0.4081868277777778 0.5972271166666667 0.4219632388888889 0.5989158222222223 0.4222181611111111 0.6113340666666667 0.4237793055555556 0.6162671444444444 0.41305250555555556
0 0.6547969499999999 0.3664320833333333 0.6547550555555556 0.36645123333333335 0.6544291277777777 0.37578467222222217 0.6627358166666666 0.3778271944444444 0.6629617611111112 0.3778350833333334 0.672552 0.3744425833333333 0.6697729833333333 0.36795643333333333 0.6680305166666667 0.3668942055555556 0.6547969499999999 0.3664320833333333
0 0.7527380333333332 0.2632994722222222 0.7498202555555555 0.2585715277777778 0.7384934444444444 0.2581759888888889 0.7362802055555556 0.26049825555555556 0.7358809777777777 0.2719306388888889 0.7368351944444445 0.27401902777777776 0.7442483000000001 0.27540539444444445 0.7484733944444445 0.27066714444444445 0.7527380333333332 0.2632994722222222
0 0.8951202166666666 0.1817413222222222 0.8912316277777778 0.18012559444444445 0.8882008499999999 0.18001975555555558 0.8835008611111111 0.1835192277777778 0.883180038888889 0.19270635555555557 0.88661715 0.1957259222222222 0.8966042 0.19607467777777776 0.9008486555555556 0.18983378888888888 0.8951202166666666 0.1817413222222222
0 0.7799842777777777 0.22258726111111113 0.7739483666666668 0.22050150555555556 0.7710341277777778 0.2203997388888889 0.7706969444444444 0.23005530555555553 0.7744713333333334 0.2351729611111111 0.7801699888888889 0.23161366666666666 0.7843953055555556 0.22537210555555556 0.7799842777777777 0.22258726111111113
0 0.8398318944444444 0.19500749999999997 0.8405333722222222 0.18746946111111112 0.8396431777777777 0.1838830277777778 0.8279130388888889 0.18347340555555555 0.8276310277777779 0.19154922777777778 0.8295435277777778 0.1946482222222222 0.8398318944444444 0.19500749999999997
0 0.8415502055555556 0.14503702777777777 0.8361562555555556 0.14484866666666665 0.8303876555555555 0.14808231111111111 0.8290013222222222 0.1523091222222222 0.8288311055555555 0.15718345 0.8339968833333333 0.15948324444444445 0.8385509833333333 0.15701147222222223 0.8423295388888888 0.15037848333333334 0.8415502055555556 0.14503702777777777
0 0.7756414611111111 0.24765015 0.78040595 0.25042175555555557 0.7875020388888889 0.24803874999999997 0.7866816222222222 0.24318193333333332 0.776513888888889 0.24282686666666667 0.7757789333333334 0.24371353333333334 0.7756414611111111 0.24765015