0 0.7036849333333333 0.7469058 0.7215578111111111 0.7412482 0.7028293222222222 0.7183227499999999 0.68140615 0.7175746333333333 0.6812407277777778 0.7223117833333333 0.7036849333333333 0.7469058
0 0.677285888888889 0.6436832611111112 0.651321088888889 0.6164630888888889 0.6388747666666666 0.61602845 0.6066936666666667 0.6284385833333334 0.6066662333333334 0.6292241666666667 0.6400997888888889 0.6696055166666667 0.6707372611111111 0.6713733666666667 0.6720072166666666 0.6616461388888889 0.677285888888889 0.6436832611111112
0 0.35029747222222224 0.32967596666666665 0.3589725555555556 0.33872841666666664 0.38052921111111115 0.33738728888888886 0.3553214333333333 0.31706157222222225 0.35240515 0.3169597333333333 0.3506502722222222 0.31957312777777774 0.35029747222222224 0.32967596666666665
0 0.08170326111111112 0.13072636666666668 0.10784106666666667 0.12814926666666665 0.12090003333333334 0.12302153888888889 0.10970457222222221 0.11392147777777778 0.08820692777777778 0.1131707611111111 0.06067371666666667 0.12022042222222223 0.048866683333333334 0.13865329444444444 0.045444038888888885 0.14504907222222221 0.04520392777777778 0.15192489444444446 0.05860040555555556 0.15295260555555557 0.08170326111111112 0.13072636666666668
0 0.2890052055555556 0.1757722111111111 0.2623988666666667 0.18852330555555558 0.2565374833333333 0.19390237777777777 0.2656529166666667 0.2018983611111111 0.29697201666666667 0.1841468611111111 0.29438025 0.17595991111111112 0.2890052055555556 0.1757722111111111
0 0.13747569444444444 0.25461706666666667 0.13909989444444443 0.23862048888888887 0.12887929444444446 0.2382635777777778 0.11610707222222223 0.23644177777777778 0.08675985555555556 0.23541694999999999 0.08651246666666666 0.24250128888888892 0.08665388333333333 0.24865451666666666 0.12455411111111112 0.2555617777777778 0.13747569444444444 0.25461706666666667
0 0.3264011888888889 0.16040128333333334 0.32275940555555555 0.16313938888888888 0.3226717333333333 0.16564999444444445 0.33646545 0.17811046666666666 0.34462912777777777 0.17362158888888887 0.3447208388888889 0.1709953 0.3376473222222222 0.16079400555555554 0.3264011888888889 0.16040128333333334
0 0.3855400166666667 0.22917375555555555 0.3677198666666667 0.22855146666666665 0.35917987222222225 0.23450464999999998 0.35909081111111113 0.23705490555555556 0.37067235000000004 0.24278148333333335 0.3855400166666667 0.22917375555555555
0 0.48980698888888885 0.4735151111111111 0.4947912166666667 0.4795351 0.5096575444444444 0.48005424444444444 0.4982815666666666 0.4665863388888889 0.4924964388888889 0.4663843166666667 0.4898546166666667 0.4721512944444445 0.48980698888888885 0.4735151111111111
0 0.5912847333333333 0.5921308055555555 0.5907339 0.6079046 0.5942546111111111 0.6126664222222222 0.6110620666666667 0.6118574055555556 0.6143363833333334 0.5980123555555555 0.6082753 0.5927241277777777 0.5912847333333333 0.5921308055555555
0 0.5159501000000001 0.5208107388888888 0.5233254333333334 0.52860925 0.5271915444444445 0.5287442611111112 0.5450274666666667 0.5233661166666667 0.5289440555555556 0.5121286333333334 0.5212298055555555 0.5118592444444444 0.5161487611111112 0.5151218666666667 0.5159501000000001 0.5208107388888888
0 0.7249565277777777 0.7635669833333334 0.7242577666666666 0.7639630333333334 0.7241444 0.7672095444444443 0.7323457222222222 0.7812091222222222 0.7460954444444444 0.7753628666666667 0.7461685611111111 0.7732690833333333 0.7378051388888889 0.7640156666666666 0.7249565277777777 0.7635669833333334