0 0.25443860555555553 0.7167675222222223 0.2716221888888889 0.7242623499999999 0.29651422222222223 0.7021491166666667 0.29684486666666665 0.6974206333333334 0.27546085555555555 0.6959253166666667 0.25443860555555553 0.7167675222222223
0 0.3429390888888889 0.6540319833333333 0.38041049444444447 0.6173666055555556 0.3804653277777778 0.6165824611111111 0.3497577277777778 0.6008764722222222 0.33733415555555557 0.6000077277777778 0.3086663111111111 0.6243647277777777 0.31203843333333336 0.6427809777777778 0.3122846611111111 0.6525876611111111 0.3429390888888889 0.6540319833333333
0 0.6673913166666666 0.3361728222222222 0.6659192277777778 0.3333903111111111 0.6630082722222223 0.33318675555555555 0.6358139722222222 0.35076619444444446 0.6571123555555556 0.3543532611111111 0.66668615 0.34625719444444447 0.6673913166666666 0.3361728222222222
0 0.9288796333333332 0.17117807777777777 0.9546048722222222 0.1764732 0.975257888888889 0.20099258888888888 0.9886884055555555 0.2013708222222222 0.9891683333333333 0.19450756666666666 0.9864329777777778 0.1877890611111111 0.9766173833333334 0.16822299444444444 0.9499718944444445 0.15833395 0.9285135444444444 0.15683343333333333 0.9164282 0.16471340555555555 0.9288796333333332 0.17117807777777777
0 0.7383647555555555 0.19922815555555556 0.7349314222222222 0.2070993388888889 0.7642234111111111 0.22802733333333333 0.7741247222222223 0.22102797222222223 0.7688577111111111 0.21506568888888888 0.7437299777777778 0.19960332777777776 0.7383647555555555 0.19922815555555556
0 0.93813835 0.2871331111111111 0.9386328277777778 0.28006172222222225 0.9093392611111112 0.2780133166666667 0.8964465777777778 0.2784900722222222 0.8862446555555555 0.27777668333333333 0.886187861111111 0.29385540555555556 0.898939911111111 0.29614561666666667 0.9373545222222223 0.29323784444444445 0.93813835 0.2871331111111111
0 0.7113059333333334 0.18601745000000003 0.7114811722222222 0.18351143333333333 0.70814555 0.18040765555555555 0.6969199722222222 0.1796226888888889 0.6888188777777777 0.1890287111111111 0.6886355666666667 0.19165020555555554 0.6962853055555556 0.19696782777777777 0.7113059333333334 0.18601745000000003
0 0.6599295833333333 0.24386552777777779 0.6421420111111111 0.2426217 0.6555058333333333 0.2577089722222222 0.6676225166666667 0.25322436666666664 0.6678005222222222 0.25067877222222223 0.6599295833333333 0.24386552777777779
0 0.5130007888888889 0.47336433333333333 0.51097625 0.46735280555555553 0.5052017 0.4669490055555556 0.4924802555555555 0.47915402222222225 0.5073194166666666 0.4801916722222222 0.5129056 0.47472566111111114 0.5130007888888889 0.47336433333333333
0 0.3826255333333333 0.5808983222222223 0.3760448777777778 0.5855240277777778 0.37785406111111114 0.5996354944444444 0.3944848777777778 0.6021969333333334 0.3984840444444444 0.5978292111111111 0.3995850444444444 0.58208425 0.3826255333333333 0.5808983222222223
0 0.46995282222222223 0.5257445055555555 0.47381186666666664 0.5260143555555555 0.4819619611111111 0.5190294944444445 0.4823590388888889 0.5133510222222222 0.4776468666666667 0.5095751611111111 0.46994671666666665 0.5090367111111112 0.45277677222222223 0.5185314611111111 0.46995282222222223 0.5257445055555555
0 0.24915248888888888 0.7423162722222222 0.24937908888888888 0.7390756944444444 0.24872555555555556 0.7386087777777778 0.23590042777777778 0.7377119555555556 0.2266155777777778 0.7460404666666667 0.22646943333333336 0.7481304222222223 0.23953273333333336 0.7553818888888889 0.24915248888888888 0.7423162722222222