0 0.37732011111111113 0.552149 0.3837773888888889 0.5504990611111111 0.38409417777777777 0.5446068055555555 0.38398519999999997 0.5383635222222222 0.3604644666666667 0.5412607777777778 0.35460345555555556 0.5525455222222223 0.37732011111111113 0.552149
0 0.51623045 0.4748637055555555 0.5155887 0.43809790000000004 0.40533026666666666 0.5248068888888888 0.4163356111111111 0.5403551777777778 0.41852223888888884 0.5403170111111112 0.4393040888888889 0.5106423333333333 0.4653249555555556 0.5092235833333334 0.46720864444444443 0.49279382777777775 0.4808666166666667 0.4877327722222222 0.4939696222222222 0.49232671666666666 0.51623045 0.4748637055555555
0 0.5656083111111111 0.43878516666666667 0.5650466722222222 0.40660891111111114 0.5179583333333333 0.43873229999999996 0.5391604666666667 0.44375243333333336 0.55780345 0.4434270166666667 0.5656083111111111 0.43878516666666667
0 0.5648024333333334 0.47108686111111114 0.6099205722222222 0.4308243 0.6098172611111111 0.4249058388888889 0.5998866222222222 0.4113942222222222 0.5448680944444444 0.4509355388888889 0.5608842777777778 0.47115525 0.5648024333333334 0.47108686111111114
0 0.6593137222222222 0.3956215277777778 0.6588881166666667 0.3712388388888889 0.6168941055555556 0.4009298222222222 0.6299569722222222 0.4199419666666667 0.6341399444444444 0.4198689555555556 0.6593137222222222 0.3956215277777778
0 0.7082113 0.36301201666666666 0.7252537888888889 0.3534130833333334 0.7250597833333333 0.3422983333333333 0.7197631722222222 0.3318996888888889 0.6956843444444444 0.3492446777777778 0.7017573 0.3631246722222222 0.7082113 0.36301201666666666
0 0.7788839777777778 0.28075921666666664 0.7635943555555554 0.2752389388888889 0.7315016611111111 0.30184126666666666 0.6915397555555555 0.3318934666666667 0.6916030555555556 0.33551990555555555 0.7030899944444445 0.3353194 0.7160609833333333 0.32911747222222226 0.7355219333333333 0.3249196777777778 0.7469595944444445 0.3170038722222222 0.7797239 0.2907431888888889 0.7795742055555555 0.28216704444444446 0.7788839777777778 0.28075921666666664
0 0.9272169888888888 0.3820726388888889 0.9051995833333333 0.40560549444444444 0.8801376222222221 0.4205108222222222 0.8487730277777777 0.4266525388888889 0.8489771166666666 0.43834456111111114 0.8917841999999999 0.43759736111111114 0.9077733222222223 0.42870915555555555 0.9377972 0.40793010555555553 0.9480033888888889 0.3816872388888889 0.9477731111111112 0.36849465555555555 0.9418670777777779 0.35095217777777776 0.9272169888888888 0.3820726388888889
0 0.8028754388888889 0.23685242222222225 0.8024786611111111 0.24468213333333333 0.8178649166666667 0.24441356666666667 0.8224205333333333 0.23747575555555553 0.8468770611111112 0.22933271111111111 0.8618098722222223 0.21855451666666667 0.8616607555555557 0.2100118111111111 0.8588329666666666 0.19722354444444445 0.8028754388888889 0.23685242222222225
0 0.8796799 0.1381349888888889 0.8762922611111111 0.1637363888888889 0.8667572888888889 0.18366588888888888 0.8668557499999999 0.1893067 0.8701123611111111 0.19349396666666666 0.871549138888889 0.19346888888888888 0.88145615 0.16943341666666667 0.883003961111111 0.15945885 0.8826886555555556 0.14139512222222222 0.8796799 0.1381349888888889
0 0.2777777777777778 0.6444444444444445 0.022222222222222223 0.022222222222222223
0 0.3416666666666667 0.6166666666666667 0.022222222222222223 0.03333333333333333
0 0.36944444444444446 0.6055555555555555 0.022222222222222223 0.016666666666666666
0 0.28888888888888886 0.6166666666666667 0.027777777777777776 0.027777777777777776
0 0.32222222222222224 0.6 0.011111111111111112 0.011111111111111112
0 0.3055555555555556 0.6472222222222223 0.016666666666666666 0.011111111111111112
0 0.30833333333333335 0.6277777777777778 0.022222222222222223 0.016666666666666666
0 0.14778252777777778 0.72840405 0.1920951277777778 0.6864001944444444 0.19198124444444445 0.6798759833333333 0.18870659444444446 0.67215905 0.13735491666666666 0.7145299111111112 0.1455054222222222 0.7284438000000001 0.14778252777777778 0.72840405