0 0.48305507777777784 0.4399245666666666 0.4376033111111111 0.4763367 0.4397596555555556 0.48534564444444445 0.4826447555555556 0.5092535611111111 0.5405668555555556 0.46180898333333337 0.5049529222222222 0.4383933222222222 0.48305507777777784 0.4399245666666666
0 0.6073037333333333 0.3620296888888889 0.6397478944444445 0.3807392277777778 0.6551238611111111 0.36878684999999994 0.6230372888888889 0.3465992333333333 0.6155264055555556 0.34712444444444446 0.6068321888888889 0.35528635000000003 0.6073037333333333 0.3620296888888889
0 0.7401226833333333 0.2882599722222222 0.7288523666666666 0.2798883222222222 0.7366491 0.27132835555555557 0.7284566055555555 0.26331397777777776 0.7347343444444445 0.2548602166666667 0.7211549777777778 0.24506310555555555 0.719245788888889 0.24519661111111113 0.6950903055555555 0.2635196722222222 0.6954319944444444 0.26840601666666664 0.7277188944444444 0.2923332277777778 0.7401226833333333 0.2882599722222222
0 0.7289323444444444 0.3037988111111111 0.7175607444444444 0.2980676777777778 0.7049281666666667 0.3029584166666667 0.6982494333333333 0.2967869111111111 0.6903501666666667 0.2973392833333333 0.6705988 0.3114855611111111 0.6710594944444445 0.3180738222222222 0.6911677222222222 0.33626596666666664 0.6933464611111111 0.3361136111111111 0.7327082111111111 0.3073131722222222 0.7289323444444444 0.3037988111111111
0 0.7714591055555555 0.26895833333333335 0.7912484166666667 0.2572698222222222 0.7869265611111111 0.24909926666666668 0.7473693888888888 0.2209535277777778 0.7380712944444444 0.22160371666666667 0.7313576388888888 0.22467159444444443 0.7315221944444444 0.22702489444444443 0.7633090166666666 0.2506362833333333 0.7521556333333334 0.25485110555555557 0.7714591055555555 0.26895833333333335
0 0.7768647111111111 0.15867371111111112 0.8485917222222222 0.20710176666666666 0.8542898333333333 0.19365067777777775 0.7883129722222222 0.15126101666666666 0.7778890944444444 0.1519899222222222 0.77648845 0.15329290555555555 0.7768647111111111 0.15867371111111112
0 0.8321195388888889 0.2080498111111111 0.7578017611111111 0.16023463333333335 0.7549069277777778 0.16323137777777777 0.7554396999999999 0.1708503888888889 0.8244226666666667 0.21797676666666668 0.8321195388888889 0.2080498111111111
0 0.7668462611111112 0.19488778888888889 0.7493007722222222 0.18409254444444442 0.7348059722222222 0.19434292222222224 0.7348849666666666 0.19547258333333334 0.7516537333333334 0.20682736111111108 0.7668462611111112 0.19488778888888889
0 0.792597738888889 0.22438223888888892 0.8090427388888889 0.2375251388888889 0.8199571166666667 0.22989212222222222 0.8034881722222222 0.2170293222222222 0.7966406055555555 0.21750814999999998 0.7924342111111111 0.22204368333333335 0.792597738888889 0.22438223888888892
0 0.615217538888889 0.3081621888888889 0.6095051777777778 0.31386967777777774 0.6100042388888889 0.32100660555555555 0.6207777388888889 0.3311570611111111 0.6266561222222222 0.33274969444444447 0.63857 0.3127384 0.6271545611111111 0.30732747222222223 0.615217538888889 0.3081621888888889
0 0.4683272166666667 0.524911 0.47926503333333337 0.5344204222222223 0.49258003333333333 0.5174597944444445 0.48233959444444446 0.5123731777777778 0.47218095 0.5130835388888889 0.46810042777777777 0.5216677555555556 0.4683272166666667 0.524911
0 0.4052786222222222 0.5790954388888889 0.3888058722222222 0.5823350111111111 0.38971996666666664 0.5954071666666666 0.39807691666666667 0.60707825 0.40659068333333337 0.6087728444444445 0.42354375 0.5892678888888889 0.42616020000000004 0.5827876055555555 0.4052786222222222 0.5790954388888889