0 0.4878092277777778 0.3615594 0.4907634888888889 0.3614045722222222 0.49204375 0.3481857 0.49133935 0.3347449333333333 0.46307475555555555 0.3183502388888889 0.46261763333333333 0.3183741944444444 0.4541955277777778 0.3424195722222222 0.4878092277777778 0.3615594
0 0.4780110777777778 0.24810263333333332 0.5074629444444444 0.2659553388888889 0.513146938888889 0.26565744999999996 0.5150982277777778 0.2573323777777778 0.51402505 0.23685498333333332 0.5063279555555555 0.23122778888888887 0.5070673111111111 0.2194195611111111 0.4868122555555555 0.20871160000000002 0.4780110777777778 0.24810263333333332
0 0.51899475 0.3321091388888889 0.5416823833333334 0.3309201277777778 0.5462958611111111 0.3218597833333333 0.5458068333333334 0.3125285666666667 0.5327725388888889 0.3070927611111111 0.5204728055555555 0.31860147222222224 0.516311238888889 0.3311956555555555 0.51899475 0.3321091388888889
0 0.6237319111111111 0.06515065 0.6268928333333333 0.05516115 0.6267636333333333 0.0526958 0.5515112444444444 0.012214272222222222 0.5432614 0.025843633333333334 0.6183132333333333 0.06543462777777778 0.6237319111111111 0.06515065
0 0.5387756777777778 0.0389387 0.5276135444444444 0.05271741111111111 0.6165565555555556 0.10418745555555554 0.6230262444444444 0.08753396666666667 0.6229063888888888 0.08524702777777778 0.5387756777777778 0.0389387
0 0.5508569333333333 0.09678576111111112 0.5510903 0.09488771111111112 0.5504000611111112 0.08171718333333333 0.5264805444444445 0.06551445555555556 0.5235527111111111 0.08739612222222222 0.5466665944444444 0.09700536666666666 0.5508569333333333 0.09678576111111112
0 0.5906928944444444 0.13760180555555557 0.5955691055555555 0.13894793333333333 0.6024584944444444 0.13858687777777778 0.6081788888888889 0.12268492777777777 0.6078511055555555 0.11643044444444445 0.585366711111111 0.10076184999999999 0.5805165888888889 0.11188018888888888 0.5898885055555555 0.12225314444444445 0.5906928944444444 0.13760180555555557
0 0.5584909555555556 0.15201747777777777 0.5729546 0.15125947222222222 0.5733636944444445 0.14374542222222222 0.5152128555555555 0.10967383333333333 0.5059858055555555 0.14093914444444444 0.5262408555555556 0.15164706111111112 0.5305556722222222 0.14327282777777778 0.5584909555555556 0.15201747777777777
0 0.5066819833333334 0.1856329388888889 0.49989478888888883 0.19866344444444445 0.5401259777777778 0.2197381 0.5516179166666666 0.21913583333333336 0.5565541055555555 0.19914327222222225 0.5555417055555556 0.17982557222222223 0.5417471722222222 0.17442229444444443 0.5217527833333334 0.16220951666666666 0.5204781555555555 0.1767618111111111 0.5066819833333334 0.1856329388888889
0 0.55 0.25 0.011111111111111112 0.016666666666666666
0 0.46192842777777776 0.5242479666666666 0.4675291222222222 0.5173294944444444 0.4673566888888889 0.5140392833333334 0.4206435055555555 0.4855965944444444 0.4176589888888889 0.50250915 0.4609097555555556 0.52430135 0.46192842777777776 0.5242479666666666
0 0.39952675555555556 0.5714403611111111 0.4509969 0.5971422 0.4571093444444444 0.5968218611111111 0.4641808777777778 0.5870641388888889 0.43425522222222224 0.5732417055555555 0.4350093666666667 0.5487578944444444 0.4087092888888889 0.5381634222222222 0.4049142722222222 0.5383623111111111 0.39952675555555556 0.5714403611111111
0 0.4064478555555555 0.5194992388888888 0.44839331111111114 0.54164685 0.45210381111111114 0.5414523888888888 0.4514556333333333 0.5290844055555556 0.4146658277777778 0.5117413277777778 0.40643774444444447 0.5193063277777777 0.4064478555555555 0.5194992388888888
0 0.3611111111111111 0.7416666666666667 0.011111111111111112 0.022222222222222223
0 0.3527777777777778 0.675 0.011111111111111112 0.022222222222222223
0 0.3472222222222222 0.6972222222222222 0.011111111111111112 0.022222222222222223
0 0.36944444444444446 0.8305555555555556 0.011111111111111112 0.011111111111111112
0 0.3861111111111111 0.8222222222222222 0.005555555555555556 0.011111111111111112
0 0.4027777777777778 0.8055555555555556 0.005555555555555556 0.022222222222222223
0 0.3888888888888889 0.575 0.016666666666666666 0.027777777777777776