0 0.3480699611111111 0.49469448888888884 0.36126448333333333 0.49318372222222223 0.36136772777777776 0.4902272055555556 0.3416441777777778 0.4569526611111111 0.3177494444444444 0.46579313333333333 0.3177334722222222 0.4662506055555556 0.33461895 0.4942247666666667 0.3480699611111111 0.49469448888888884
0 0.23137916111111112 0.511017711111111 0.23713983333333333 0.5186154277777777 0.2576328388888889 0.5193310611111112 0.26592258888888887 0.5172347777777778 0.26612122777777775 0.51154645 0.24775723888888887 0.4824106388888889 0.20852580555555555 0.49189794444444446 0.2195856388888889 0.5119630388888888 0.23137916111111112 0.511017711111111
0 0.32269488888888886 0.5493977888888889 0.3316733388888889 0.5446268888888889 0.33246621111111113 0.5219219611111111 0.3315060388888889 0.5192547944444444 0.3189864 0.5236355277777778 0.30769409999999997 0.5361342444444445 0.3133565555555555 0.5490716888888889 0.32269488888888886 0.5493977888888889
0 0.06756566666666666 0.6258794277777778 0.02667086111111111 0.5515299833333334 0.01318756111111111 0.5600164333333334 0.054976255555555555 0.6345508611111111 0.057443488888888894 0.6346370166666666 0.0673763 0.6313022388888889 0.06756566666666666 0.6258794277777778
0 0.05326745555555555 0.5354154944444445 0.03968565555555555 0.5468164 0.08745521111111111 0.6301261055555555 0.08974388888888889 0.6302060333333332 0.10628192777777777 0.6234466833333333 0.05326745555555555 0.5354154944444445
0 0.09788118888888889 0.5536927166666666 0.0878700111111111 0.5307500555555555 0.06604277777777778 0.5340593333333333 0.08266049444444444 0.5576924277777777 0.09584105555555555 0.5581527055555556 0.09773475000000001 0.5578862444444445 0.09788118888888889 0.5536927166666666
0 0.10231251111111112 0.5923213722222223 0.11837112777777777 0.6145288888888889 0.12463037777777779 0.6147474666666667 0.1404300666666667 0.6087504166666666 0.14067083333333333 0.6018557777777778 0.1392398111111111 0.5970038055555555 0.12387944444444444 0.5964674111111111 0.1133445111111111 0.58727795 0.10231251111111112 0.5923213722222223
0 0.14508005555555556 0.5795700222222222 0.15258581666666668 0.5790298500000001 0.15309128333333333 0.5645551777777779 0.14386043333333332 0.5367767666666666 0.15215808333333333 0.5323164555555556 0.1410983 0.5122513666666667 0.10999878333333334 0.5220226666666666 0.14508005555555556 0.5795700222222222
0 0.1771684388888889 0.5261163222222222 0.1626406 0.5276447277777778 0.1752004722222222 0.5474229277777778 0.18084367222222222 0.561121061111111 0.2001761 0.5617961611111112 0.22007946666666664 0.5565118111111111 0.22048108333333333 0.5450111111111111 0.19870750555555555 0.5051538555555556 0.1857974388888889 0.5121674277777777 0.1771684388888889 0.5261163222222222
0 0.25 0.5555555555555556 0.016666666666666666 0.011111111111111112
0 0.5236154333333333 0.46049159444444443 0.5010717222222222 0.41762773888888893 0.48421382222222226 0.42090696666666666 0.5134674388888889 0.46711664444444445 0.5167601611111111 0.46723162777777777 0.5235798333333334 0.46151103888888884 0.5236154333333333 0.46049159444444443
0 0.5476162277777777 0.43416832222222224 0.57208315 0.43298699444444444 0.58642575 0.46266685555555553 0.5960585666666667 0.4554261055555555 0.5962721833333333 0.449309 0.5696759777777778 0.39829525 0.5366969944444444 0.40425923888888887 0.5365643666666666 0.40805714444444446 0.5476162277777777 0.43416832222222224
0 0.5176705 0.4061150555555556 0.51025025 0.41447391111111115 0.5282327555555556 0.4509554333333333 0.5406101722222222 0.4513876611111111 0.5407398444444445 0.4476743333333333 0.5178635555555555 0.40612179444444446 0.5176705 0.4061150555555556
0 0.7388888888888889 0.35833333333333334 0.022222222222222223 0.011111111111111112
0 0.6722222222222223 0.35 0.022222222222222223 0.011111111111111112
0 0.6944444444444444 0.3416666666666667 0.022222222222222223 0.011111111111111112
0 0.8277777777777777 0.3638888888888889 0.011111111111111112 0.011111111111111112
0 0.8222222222222222 0.38055555555555554 0.011111111111111112 0.005555555555555556
0 0.8027777777777778 0.3972222222222222 0.022222222222222223 0.005555555555555556
0 0.5722222222222222 0.3888888888888889 0.027777777777777776 0.016666666666666666