0 0.2833333333333333 0.35748736111111107 0.2814017888888889 0.35555555555555557 0.2776062611111111 0.35555555555555557 0.2132882111111111 0.37708024999999995 0.2182800666666667 0.38638083333333334 0.2833333333333333 0.3659222388888889 0.2833333333333333 0.35748736111111107
0 0.19811846111111112 0.35893480000000005 0.20535128333333333 0.36978548333333333 0.2722222222222222 0.3491313888888889 0.2722222222222222 0.34444444444444444 0.24710307222222222 0.34444444444444444 0.19811846111111112 0.35893480000000005
0 0.20555555555555555 0.26180922777777776 0.1950598611111111 0.25 0.1839539 0.25 0.1435043166666667 0.26678450000000004 0.16106977777777778 0.28228549444444445 0.20555555555555555 0.2663264888888889 0.20555555555555555 0.26180922777777776
0 0.16223750555555555 0.21111736111111112 0.12400682777777777 0.21886783333333334 0.15500468888888888 0.24366941111111112 0.17777777777777778 0.2310435166666667 0.17777777777777778 0.22933105555555555 0.16223750555555555 0.21111736111111112
0 0.10504022777777777 0.1461542388888889 0.0699093888888889 0.16088016111111111 0.08831616111111111 0.18048891666666667 0.1111111111111111 0.16817420555555554 0.1111111111111111 0.15526175555555558 0.10504022777777777 0.1461542388888889
0 0.09444444444444444 0.21696774444444447 0.09444444444444444 0.20831035 0.0878425 0.19444444444444445 0.08572283888888889 0.19444444444444445 0.06111111111111111 0.2008348888888889 0.06111111111111111 0.20130128888888887 0.08140975 0.2218564111111111 0.09444444444444444 0.21696774444444447
0 0.2388888888888889 0.29934018333333334 0.23318894444444443 0.28888888888888886 0.21418947777777778 0.28888888888888886 0.19618638333333335 0.30560826666666663 0.20135267222222225 0.3156839111111111 0.2388888888888889 0.30308783333333333 0.2388888888888889 0.29934018333333334
0 0.39444444444444443 0.35192759444444444 0.39444444444444443 0.3499034833333333 0.3797602833333334 0.3388888888888889 0.3415213555555556 0.3388888888888889 0.3388888888888889 0.33987619999999996 0.3388888888888889 0.34065646666666666 0.3762632388888889 0.3628100222222222 0.39444444444444443 0.35192759444444444
0 0.25555555555555554 0.17838685 0.25226820555555557 0.17222222222222222 0.20472703333333336 0.17222222222222222 0.22350058333333334 0.18686757222222225 0.22766680555555555 0.19151785555555556 0.25555555555555554 0.18285195555555558 0.25555555555555554 0.17838685
0 0.5507429722222222 0.4780087444444444 0.5352440388888888 0.4834341055555556 0.55174985 0.4976175 0.5777777777777777 0.49287080000000005 0.5777777777777777 0.4897835666666666 0.5507429722222222 0.4780087444444444
0 0.37777777777777777 0.4616179888888889 0.3709627944444444 0.45 0.35821615 0.45 0.3468653388888889 0.4523220666666667 0.3530649166666667 0.46704800555555553 0.37777777777777777 0.46704800555555553 0.37777777777777777 0.4616179888888889
0 0.7166666666666667 0.6099798277777778 0.7121562444444444 0.6055555555555555 0.6904357388888889 0.6055555555555555 0.6842456722222222 0.6079876833333333 0.6913676722222222 0.6240312 0.7166666666666667 0.6137403111111112 0.7166666666666667 0.6099798277777778