0 0.5447186444444445 0.44464758888888883 0.5119422499999999 0.4763932277777778 0.5116541055555556 0.48464461666666664 0.5248913444444444 0.4897513388888889 0.53634525 0.49015132222222224 0.5471589666666666 0.47839045555555554 0.5633677722222222 0.49089952777777773 0.5880925444444445 0.46679112777777776 0.5447186444444445 0.44464758888888883
0 0.5576676833333334 0.4404862944444444 0.5798969 0.4527595833333333 0.5813808166666666 0.45281140555555555 0.5958817000000001 0.44018043333333334 0.5684930777777778 0.4338496444444444 0.5577044777777778 0.43943259444444444 0.5576676833333334 0.4404862944444444
0 0.48319159999999994 0.5037677388888888 0.5059694888888888 0.5113263444444445 0.5161990055555555 0.5116835666666667 0.5218494722222222 0.5049864777777777 0.4962171555555555 0.4900854444444444 0.4832743333333333 0.5013985611111111 0.48319159999999994 0.5037677388888888
0 0.4935872388888889 0.5244501277777778 0.5198563611111111 0.5396059944444445 0.5282749222222222 0.5398999777777778 0.5333547277777778 0.5335195388888889 0.5023125333333334 0.5174524388888889 0.49366235555555554 0.5222991166666666 0.4935872388888889 0.5244501277777778
0 0.4697373222222222 0.5706733055555555 0.4707894611111111 0.5712461888888889 0.4810576444444445 0.5716047611111111 0.4885802444444445 0.5604238500000001 0.47689956666666666 0.5585502111111111 0.46986035 0.5671503555555556 0.4697373222222222 0.5706733055555555
0 0.4602694666666667 0.5246321055555556 0.47288653888888893 0.5324068277777778 0.4906844222222222 0.5330283444444445 0.47245307222222216 0.5203346333333333 0.4602694666666667 0.5246321055555556
0 0.38877008333333335 0.6684429666666667 0.3993451722222222 0.6688122555555556 0.4133269666666667 0.6557722833333334 0.40068715555555556 0.6452878888888889 0.39274322777777776 0.6441961777777778 0.3777751222222222 0.65833085 0.37751004444444447 0.6659217111111111 0.38877008333333335 0.6684429666666667
0 0.3602973277777778 0.6324012666666666 0.34610885 0.6449345611111111 0.34460972222222225 0.6671396944444444 0.3506746722222222 0.6726715833333333 0.35927025555555553 0.6729717500000001 0.3626050722222222 0.6699395666666667 0.36294588333333333 0.6601798833333333 0.37317927222222225 0.6572800611111111 0.38000673333333335 0.6482897666666667 0.38185522222222223 0.6373341499999999 0.3602973277777778 0.6324012666666666
0 0.4666666666666667 0.5388888888888889 0.011111111111111112 0.011111111111111112
0 0.49444444444444446 0.5555555555555556 0.016666666666666666 0.011111111111111112
0 0.3111111111111111 0.7194444444444444 0.005555555555555556 0.016666666666666666
0 0.4305555555555556 0.5638888888888889 0.011111111111111112 0.011111111111111112