0 0.37581645555555554 0.4444444444444444 0.37608657777777776 0.4444444444444444 0.4222222222222222 0.40983807777777775 0.4222222222222222 0.4054162666666667 0.3970410111111111 0.3888888888888889 0.3959860611111111 0.3888888888888889 0.3543054 0.42583551666666664 0.37581645555555554 0.4444444444444444
0 0.36527051666666666 0.36195024444444446 0.31464071666666665 0.4008318888888889 0.33820721666666664 0.4198206055555555 0.36666666666666664 0.4027118 0.36666666666666664 0.37074718888888886 0.36527051666666666 0.36195024444444446
0 0.26666666666666666 0.3710069111111111 0.2816150777777778 0.3825086833333333 0.34444444444444444 0.33969387222222225 0.34444444444444444 0.3365476055555556 0.3390880333333333 0.3333333333333333 0.33120773333333337 0.3333333333333333 0.3167627055555556 0.3434461888888889 0.30470802222222226 0.33440394444444443 0.26666666666666666 0.3681269277777777 0.26666666666666666 0.3710069111111111
0 0.20674131666666667 0.32695674444444445 0.2154991777777778 0.3350947666666667 0.23840309444444444 0.3215314111111111 0.23461991666666668 0.31666666666666665 0.22142372777777777 0.31666666666666665 0.20674131666666667 0.32695674444444445
0 0.25555555555555554 0.33072711111111114 0.25206050555555554 0.3277777777777778 0.2465977 0.3277777777777778 0.22996775000000003 0.34259080000000003 0.2405017777777778 0.3491916388888889 0.25555555555555554 0.3363915444444444 0.25555555555555554 0.33072711111111114
0 0.18333333333333332 0.20062411666666666 0.17156413888888888 0.19444444444444445 0.1567366722222222 0.19444444444444445 0.13451292777777776 0.21664857777777777 0.16546107777777777 0.22822264444444443 0.18333333333333332 0.20535360555555554 0.18333333333333332 0.20062411666666666
0 0.09444444444444444 0.13427537222222222 0.09168150555555556 0.13333333333333333 0.08010652777777777 0.13333333333333333 0.06476300555555556 0.15021345555555557 0.08043414444444445 0.15654302222222222 0.09444444444444444 0.13714147222222223 0.09444444444444444 0.13427537222222222
0 0.04586828333333333 0.20929909444444444 0.05912847222222222 0.21834132222222222 0.06666666666666667 0.20420535555555558 0.06666666666666667 0.2 0.053497305555555555 0.2 0.04586828333333333 0.20929909444444444
0 0.7135270777777778 0.6731590166666667 0.7472742944444445 0.6705367555555556 0.75451315 0.6595956444444444 0.7390282277777778 0.6555555555555556 0.7247510277777778 0.6555555555555556 0.7135270777777778 0.6731590166666667
0 0.6945591555555555 0.6 0.6828183222222222 0.6 0.6817651111111112 0.6165907277777778 0.7111111111111111 0.6216705611111111 0.7111111111111111 0.6034250055555556 0.6945591555555555 0.6
0 0.4569497888888889 0.5111111111111111 0.45785454444444446 0.5111111111111111 0.5055555555555555 0.4773781388888889 0.5055555555555555 0.4677952444444444 0.5045981055555555 0.4666666666666667 0.49793177777777775 0.4666666666666667 0.45036333888888885 0.49819881666666666 0.4569497888888889 0.5111111111111111