0 0.3687557166666667 0.6247533666666667 0.3226236277777778 0.5989790666666667 0.3196110888888889 0.5987684111111111 0.3062886833333333 0.6099322777777777 0.3658400777777778 0.6431023666666666 0.3676635222222222 0.6403725222222222 0.3687557166666667 0.6247533666666667
0 0.3152623888888889 0.67296425 0.28615396111111113 0.6576892 0.26864563333333336 0.6564649 0.2630490888888889 0.6626578944444445 0.3076621222222222 0.6882570555555555 0.31454757777777775 0.6831865388888889 0.3152623888888889 0.67296425
0 0.3111326555555556 0.6590660666666667 0.33329083333333337 0.65407195 0.33343553333333337 0.6520026277777777 0.3024746888888889 0.63098485 0.29619764444444446 0.6305459111111111 0.27823162777777777 0.6450337444444445 0.2781409111111111 0.6463310444444444 0.30823808333333336 0.6637221277777777 0.3111326555555556 0.6590660666666667
0 0.23961146111111112 0.7435405777777777 0.24194628333333335 0.7437038444444445 0.24930557777777776 0.7401269833333334 0.24942119444444444 0.7384735333333334 0.21055839444444446 0.7136633833333333 0.20099707777777778 0.712994788888889 0.19628635555555557 0.7172193055555556 0.23961146111111112 0.7435405777777777
0 0.3722321388888889 0.5750382555555555 0.36070013333333334 0.5682269055555556 0.3521285388888889 0.5676275222222222 0.34778783888888887 0.5741258888888888 0.3645492722222222 0.5832745777777778 0.3718998333333333 0.5797904111111111 0.3722321388888889 0.5750382555555555
0 0.47506086111111107 0.5380776944444444 0.4513397444444444 0.52444295 0.4471423944444444 0.5241494444444444 0.4475995222222222 0.5423390944444445 0.46459445555555556 0.5545497111111112 0.4746251166666666 0.5443091222222222 0.47506086111111107 0.5380776944444444
0 0.44704502777777777 0.5405120222222222 0.4422040666666667 0.5349423666666666 0.4158829944444445 0.5331018166666667 0.4187074333333334 0.5380562888888889 0.43157027777777773 0.5476574888888889 0.4468199 0.5437314944444445 0.44704502777777777 0.5405120222222222
0 0.4566957666666666 0.48214216111111113 0.45703503888888886 0.4772904055555556 0.4545464666666667 0.4745450944444444 0.44654125555555557 0.47398531111111114 0.43440745000000003 0.4823113722222222 0.43433990555555557 0.48327731111111105 0.44094124444444444 0.49257811111111116 0.4566957666666666 0.48214216111111113
0 0.5228873166666667 0.4912646888888889 0.52138715 0.4903572944444444 0.49701155 0.4886527833333333 0.49643313888888885 0.4889604444444444 0.5147654166666666 0.5032949944444444 0.5225288722222222 0.4963907388888889 0.5228873166666667 0.4912646888888889
0 0.059176099999999995 0.9105563611111112 0.06043760000000001 0.8925160499999999 0.037443166666666666 0.8909081222222223 0.04445943888888889 0.9119058888888888 0.059176099999999995 0.9105563611111112
0 0.1111111111111111 0.875 0.03333333333333333 0.011111111111111112
0 0.08888888888888889 0.8583333333333333 0.011111111111111112 0.016666666666666666
0 0.10555555555555556 0.8222222222222222 0.011111111111111112 0.022222222222222223
0 0.044444444444444446 0.8805555555555555 0.011111111111111112 0.011111111111111112