0 0.9309714333333333 0.20254570000000002 0.9251717555555555 0.20886739444444444 0.92526555 0.21020870555555554 0.9411760166666667 0.21700365 0.9489014777777778 0.20680116111111113 0.9475215111111112 0.20138840555555554 0.9309714333333333 0.20254570000000002
0 0.6760897555555556 0.39858065555555555 0.6515031166666667 0.4182287722222222 0.6662263777777778 0.42552875 0.6915865277777777 0.40709632777777777 0.6808322944444445 0.3982490277777778 0.6760897555555556 0.39858065555555555
0 0.7265341055555555 0.36163851666666663 0.7248869611111112 0.3710630388888889 0.725831561111111 0.3845714666666667 0.7358605777777778 0.37934660555555555 0.7534039888888889 0.3634598777777777 0.7407680166666667 0.36064318333333334 0.7265341055555555 0.36163851666666663
0 0.8345810333333332 0.22972844444444446 0.8401049388888888 0.22003795 0.8199104 0.2214500888888889 0.7989188833333333 0.2342212611111111 0.8116439222222223 0.23199873333333332 0.8164927388888888 0.23782351666666668 0.8345810333333332 0.22972844444444446
0 0.4810182333333333 0.4233596333333333 0.47810522222222224 0.42581651111111113 0.47883338333333336 0.43622971111111114 0.48542624999999995 0.4408011111111111 0.5069706777777778 0.42496781111111115 0.4998372555555556 0.42204367777777774 0.4810182333333333 0.4233596333333333
0 0.3081015111111111 0.5102121722222221 0.30770445 0.5172367277777777 0.33587735555555553 0.5072703277777778 0.3619764166666667 0.5121089277777778 0.38633661111111106 0.4920805277777778 0.37772888888888895 0.4862735444444445 0.3538488 0.4879434 0.34958195000000003 0.49365112222222224 0.3081015111111111 0.5102121722222221
0 0.5866536388888889 0.7223563888888889 0.5834763222222222 0.6890820222222221 0.5723704777777777 0.6898586222222223 0.5746099 0.6962108833333334 0.5754430055555555 0.7144775944444444 0.5716633888888889 0.7284126777777777 0.5725293388888889 0.7407963444444445 0.5756922111111111 0.7434469388888889 0.5866536388888889 0.7223563888888889
0 0.4309719055555556 0.6278423611111111 0.4331865944444444 0.6334116111111111 0.46321642222222226 0.6229266611111112 0.5061125944444445 0.6202602555555555 0.4874904555555556 0.6066880666666666 0.4583233444444445 0.6087276277777778 0.4573807833333333 0.6093411277777778 0.4610775722222222 0.6177452999999999 0.4484004111111111 0.6143004388888889 0.4306811833333334 0.6236848166666666 0.4309719055555556 0.6278423611111111
0 0.47867600000000005 0.5571823333333333 0.4917113888888889 0.5562708111111111 0.5074728944444444 0.5537192777777779 0.5053833277777777 0.5365399611111111 0.4687184 0.5520978722222222 0.3935491333333333 0.4908825111111111 0.3944256222222222 0.50341695 0.40822403333333335 0.5063508888888889 0.39487938888888885 0.5099061055555556 0.39500583333333333 0.5117143333333334 0.45013312777777775 0.5467338555555555 0.47867600000000005 0.5571823333333333
0 0.43988611111111114 0.5746039055555555 0.44484217777777774 0.5692596222222222 0.44500893888888887 0.5525889 0.38416835 0.5160153944444444 0.38428246666666666 0.5176473333333333 0.39560466666666666 0.5320544833333334 0.42328176666666667 0.5531086333333334 0.43988611111111114 0.5746039055555555
0 0.057268066666666666 0.5150901388888889 0.05646117222222222 0.4864622833333333 0.05437574444444445 0.48660811111111113 0.04368620555555555 0.5050650555555556 0.04402177222222222 0.5098638166666667 0.05756209444444444 0.5510531555555556 0.0729904 0.5566201444444444 0.057268066666666666 0.5150901388888889
0 0.4878452611111111 0.8040320111111111 0.4878897166666667 0.8046678 0.49243721111111116 0.8072958944444445 0.5153188388888889 0.7975955111111112 0.5428806777777777 0.7811243555555556 0.5637468999999999 0.7601507222222222 0.57483325 0.7453776222222221 0.5666894166666667 0.7459470944444444 0.5645340722222223 0.7468405388888889 0.5643879277777778 0.746329138888889 0.5441298722222222 0.7709115444444445 0.4878452611111111 0.8040320111111111
0 0.33225834444444446 0.76355105 0.3288577833333333 0.7394877444444445 0.33601977777777775 0.7175241166666666 0.32329878888888886 0.7184136555555556 0.32100558888888886 0.7277359166666667 0.3235590666666667 0.76425235 0.3262144388888889 0.7753878444444445 0.3243468666666667 0.7755184388888889 0.3243532333333333 0.7756094944444445 0.34419222777777775 0.7938293333333334 0.35156851666666666 0.8010457111111111 0.4005752666666667 0.8175015444444443 0.43812726111111117 0.8183428555555555 0.42835242222222225 0.8146386777777778 0.42048696666666663 0.8109543944444444 0.39001294444444445 0.8033280888888888 0.3669296666666667 0.7961054555555556 0.35233089444444443 0.7838711722222222 0.33225834444444446 0.76355105