0 0.6605199388888889 0.32222222222222224 0.65 0.3370920111111111 0.65 0.3405345166666667 0.6941863722222222 0.36094132777777777 0.6987802444444444 0.35519684444444444 0.68882685 0.33164445555555555 0.6694186000000001 0.32222222222222224 0.6605199388888889 0.32222222222222224
0 0.6808036666666666 0.3 0.6680633111111111 0.3190180777777778 0.7179064444444445 0.3419960166666667 0.7263285388888889 0.32131586666666667 0.7171407999999999 0.3132735888888889 0.6887080222222223 0.3 0.6808036666666666 0.3
0 0.6644490222222222 0.3846711611111111 0.6766993499999999 0.38352226111111115 0.6827537611111112 0.37720332777777776 0.6338329055555556 0.35555555555555557 0.6256471833333334 0.35555555555555557 0.6222222222222222 0.3636928888888889 0.6222222222222222 0.3769270111111111 0.6345888555555556 0.3840967111111111 0.6468391777777778 0.38352226111111115 0.6644490222222222 0.3846711611111111
0 0.768128561111111 0.26275275555555555 0.7777777777777778 0.2582818888888889 0.7777777777777778 0.2580184111111111 0.7298892277777779 0.23333333333333334 0.72621475 0.23333333333333334 0.7222222222222222 0.24456651666666668 0.7222222222222222 0.2500011611111111 0.7336745222222223 0.2575827222222222 0.74592485 0.2547104777777778 0.768128561111111 0.26275275555555555
0 0.33833817777777775 0.7444444444444445 0.3291565222222222 0.7444444444444445 0.32630108888888887 0.7481170833333334 0.3055555555555556 0.774058688888889 0.3055555555555556 0.7840226388888889 0.3232385111111111 0.7877540333333334 0.32783238333333337 0.7831584444444445 0.35309867777777776 0.7515637777777777 0.33833817777777775 0.7444444444444445
0 0.18863727222222224 0.8833333333333333 0.17904837777777777 0.8833333333333333 0.17415598333333332 0.8856362388888889 0.16111111111111112 0.9074352444444445 0.16111111111111112 0.9169198333333333 0.16496823888888887 0.9201031500000001 0.17645291666666665 0.9178053555555555 0.20401615 0.8908062722222222 0.18863727222222224 0.8833333333333333
0 0.21279903333333333 0.8690870166666667 0.21509597222222224 0.8650658722222223 0.20698666666666665 0.8611111111111112 0.2 0.8611111111111112 0.2 0.8632098555555555 0.21279903333333333 0.8690870166666667
0 0.18888888888888888 0.8690704888888889 0.20773185555555557 0.8797104777777777 0.21079443888888888 0.8745404388888889 0.19536143333333333 0.8666666666666667 0.19012397222222224 0.8666666666666667 0.18888888888888888 0.8681945166666667 0.18888888888888888 0.8690704888888889
0 0.5743621222222223 0.4777777777777778 0.5666666666666667 0.4843213555555555 0.5666666666666667 0.4871574277777778 0.5845011888888888 0.4974966777777778 0.5953092777777778 0.49462443333333334 0.6022000888888889 0.4871566055555555 0.5798308888888889 0.4777777777777778 0.5743621222222223 0.4777777777777778
0 0.5137641611111111 0.5090762833333333 0.5252488444444444 0.49643841666666666 0.5189369555555555 0.49444444444444446 0.5111111111111111 0.49444444444444446 0.5111111111111111 0.5075631666666667 0.5137641611111111 0.5090762833333333
0 0.6052985055555555 0.4168249611111111 0.6075954388888889 0.40705933333333333 0.5947200555555555 0.4 0.5888888888888889 0.4 0.5888888888888889 0.40702025 0.6052985055555555 0.4168249611111111
0 0.6 0.39378307777777777 0.6136776888888889 0.39940640555555557 0.6221771222222222 0.3965341611111111 0.6 0.38405486666666666 0.6 0.39378307777777777
0 0.9260993222222222 0.08131127777777777 0.9260993222222222 0.07097120555555556 0.9360280111111111 0.06580116666666667 0.9355238944444445 0.06111111111111111 0.9111111111111111 0.06111111111111111 0.9111111111111111 0.06932675 0.9153802888888889 0.073269 0.9153802888888889 0.08131127777777777 0.9260993222222222 0.08131127777777777
0 0.9166666666666666 0.13057600555555557 0.9166666666666666 0.12321401111111112 0.9116716888888889 0.11786024444444444 0.9088310055555556 0.1111111111111111 0.8950643944444445 0.1111111111111111 0.8944444444444445 0.1159950388888889 0.8944444444444445 0.11945567777777778 0.90095265 0.1270514222222222 0.9062766 0.1327959111111111 0.9166666666666666 0.13057600555555557