0 0.4543430333333333 0.3747589722222222 0.4556527666666667 0.38129375 0.4615203666666667 0.38191848333333334 0.46776079444444446 0.38213640000000004 0.46609849444444446 0.35849627222222225 0.4551359555555555 0.3520527 0.4543430333333333 0.3747589722222222
0 0.5242524111111111 0.5175237388888889 0.5610014166666667 0.5188070444444445 0.48018173888888893 0.40416171666666667 0.46407878333333336 0.41433824444444445 0.4640024555555556 0.41652387222222226 0.4925488333333333 0.43883029444444444 0.49260380555555555 0.46488975 0.5089124611111111 0.46763072777777775 0.5132517777777778 0.4815348555555556 0.5079783722222223 0.4943794722222222 0.5242524111111111 0.5175237388888889
0 0.5576972666666666 0.5687221333333333 0.5898588222222222 0.5698452444444444 0.5602438666666667 0.5211402277777778 0.5541209833333334 0.5420505666666666 0.55347025 0.5606850333333333 0.5576972666666666 0.5687221333333333
0 0.5254820166666667 0.5662268222222222 0.5633280944444444 0.6133903055555556 0.5692438555555556 0.6135968888888889 0.5832566888888889 0.604387 0.5466490055555556 0.5473744388888889 0.5256187777777778 0.5623104555555555 0.5254820166666667 0.5662268222222222
0 0.5958975888888889 0.6645581333333334 0.6202691388888889 0.6654092055555556 0.5928166388888889 0.6219188388888889 0.5731468944444444 0.6339687833333333 0.5730008888888889 0.6381498444444444 0.5958975888888889 0.6645581333333334
0 0.6259033111111111 0.7150953555555556 0.6345971555555555 0.7326168555555556 0.6457068222222222 0.7330048111111112 0.6563684166666667 0.7282596833333334 0.6403073888888889 0.7033060888888889 0.6261285888888889 0.7086443 0.6259033111111111 0.7150953555555556
0 0.704344661111111 0.7899759555555556 0.7106575722222223 0.7749961888888889 0.6857713055555555 0.7415552222222223 0.6578517333333334 0.7000752722222222 0.6542269555555555 0.6999486888888888 0.6538260055555556 0.7114303833333333 0.6593405777777778 0.7247081833333333 0.6625141166666666 0.7443621555555555 0.6698204722222222 0.7561984222222222 0.694330411111111 0.7902922055555556 0.7029026388888889 0.7905915555555555 0.704344661111111 0.7899759555555556
0 0.5954069333333334 0.9328033444444445 0.5730586333333333 0.9095845 0.5594853777777777 0.8837768 0.5549935722222222 0.8521337555555555 0.5433068888888889 0.85172565 0.5418127166666667 0.8945131777777777 0.5498519388888888 0.9109455555555556 0.5690311777777778 0.9420157777777778 0.5947039333333333 0.9535814277777778 0.6078904833333334 0.954041911111111 0.6257180222222222 0.9490620722222223 0.5954069333333334 0.9328033444444445
0 0.7469356666666667 0.816232438888889 0.73913745 0.8154264333333333 0.7386003999999999 0.8308056500000001 0.7452902777777778 0.8357181222222222 0.7521422055555556 0.8605673111111112 0.7621241055555557 0.8760437444444444 0.7706629111111111 0.8763419222222222 0.7835816444444443 0.8741872944444444 0.7469356666666667 0.816232438888889
0 0.8414981722222222 0.8980981166666666 0.8161091555555556 0.8933752444444445 0.796705988888889 0.8828103111111111 0.7910677611111112 0.8826134166666667 0.7867157944444445 0.8856464222222222 0.7866656444444444 0.8870825444444445 0.8101496833333334 0.8982338944444443 0.8200295722222222 0.9003016111111112 0.8380850444444445 0.9009321222222222 0.8414981722222222 0.8980981166666666
0 0.36666666666666664 0.26944444444444443 0.022222222222222223 0.022222222222222223
0 0.39166666666666666 0.33611111111111114 0.03333333333333333 0.022222222222222223
0 0.4027777777777778 0.3638888888888889 0.016666666666666666 0.022222222222222223
0 0.39444444444444443 0.2833333333333333 0.027777777777777776 0.027777777777777776
0 0.4083333333333333 0.31666666666666665 0.011111111111111112 0.011111111111111112
0 0.3638888888888889 0.2972222222222222 0.011111111111111112 0.016666666666666666
0 0.38055555555555554 0.3 0.016666666666666666 0.022222222222222223
0 0.2903426055555555 0.13631148333333332 0.3299697555555556 0.18276166666666668 0.3364909888888889 0.18298939444444445 0.34436872777777777 0.18012310555555555 0.3047434722222222 0.12662427777777777 0.2904220888888889 0.13403541666666666 0.2903426055555555 0.13631148333333332