0 0.5087359222222223 0.5195491333333333 0.4767367555555556 0.5216580222222222 0.47270568888888886 0.5279403055555556 0.47298104444444444 0.5437154277777777 0.48147787777777773 0.5564578055555556 0.49116318333333336 0.5612746666666666 0.5131591111111111 0.5608907277777777 0.5236727888888889 0.5464192944444445 0.5152050944444445 0.5349395777777778 0.5087359222222223 0.5195491333333333
0 0.5674206666666667 0.5077546333333333 0.5682644277777779 0.49688754999999996 0.5523861222222222 0.49073082777777777 0.5342260999999999 0.5005823666666667 0.5167745888888888 0.5060372611111111 0.5170030166666666 0.5191240388888889 0.5346048388888889 0.52228045 0.5358541444444445 0.5382689777777778 0.5406451 0.53818535 0.5534306555555556 0.5351296888888889 0.5552804444444445 0.5226947222222222 0.5674206666666667 0.5077546333333333
0 0.49421001666666664 0.48661811111111114 0.4944452888888889 0.5000969555555556 0.4981670055555556 0.5000319944444445 0.5075519333333334 0.49632409999999993 0.5251146666666666 0.49601754444444446 0.5209391833333333 0.48562566111111116 0.5175853611111111 0.47909527222222226 0.5062482722222222 0.4808435 0.49421001666666664 0.48661811111111114
0 0.6364282 0.6761412166666667 0.6566637888888889 0.6901023166666667 0.6740372 0.6789467277777778 0.6801817333333333 0.6757387888888888 0.6509031166666667 0.6560954944444445 0.6363453444444445 0.6713944777777777 0.6364282 0.6761412166666667
0 0.7292157 0.7126986944444444 0.7259556888888888 0.7127556 0.6875593277777777 0.7405071055555555 0.6876352388888889 0.7448561388888889 0.6959567111111111 0.7521740444444444 0.7038184722222223 0.7520368166666667 0.7411366777777778 0.7227755333333333 0.7292157 0.7126986944444444
0 0.7487306388888888 0.7434227333333333 0.7640603888888888 0.7565416944444444 0.7719801388888888 0.7564034555555555 0.8152099833333334 0.7319597277777777 0.7869644444444445 0.7122984055555557 0.74861005 0.7365142777777779 0.7487306388888888 0.7434227333333333
0 0.7156498611111112 0.7581826055555556 0.7157305444444445 0.7628049555555555 0.7289640944444444 0.7738235055555556 0.7405432777777777 0.7736213944444443 0.7491544611111111 0.7677033833333333 0.7490803777777777 0.7634590777777777 0.7313920222222222 0.7432363944444446 0.7156498611111112 0.7581826055555556
0 0.8759770666666666 0.7914148222222223 0.8369541944444445 0.746361088888889 0.7899589333333333 0.7774129388888888 0.8129848111111111 0.7940646944444445 0.8068673888888889 0.7988224777777778 0.7832974777777778 0.8137994166666667 0.7834163888888889 0.8206115500000001 0.8045255166666667 0.8422727444444444 0.8334389277777777 0.8409929055555556 0.8552558222222222 0.8475886055555555 0.8766263333333334 0.8286115388888889 0.8752821500000001 0.8108061611111111 0.8759770666666666 0.7914148222222223
0 0.9258504555555557 0.8411131277777778 0.910151511111111 0.8306898444444444 0.902932788888889 0.8306608055555555 0.8453226555555555 0.8656329388888889 0.8454772277777778 0.8744883944444445 0.8552426722222222 0.8811039666666667 0.8622069888888889 0.8826257833333333 0.88020175 0.8823116833333333 0.9168906833333333 0.8606487055555555 0.9012589000000001 0.8531698666666666 0.9258504555555557 0.8411131277777778
0 0.6479872166666667 0.7017047777777777 0.6501303888888889 0.7029663333333334 0.6696070555555556 0.7026263666666667 0.6831847555555556 0.6925416222222223 0.6685454611111111 0.6827199666666667 0.6479862777777777 0.7016510166666667 0.6479872166666667 0.7017047777777777
0 0.7500277111111111 0.6715460833333333 0.7383389833333334 0.6531460888888888 0.71975665 0.6542456166666667 0.702957311111111 0.6676787166666667 0.7030253000000001 0.6715738055555556 0.7160164888888889 0.6767907722222222 0.7110944666666666 0.6908297 0.7208361833333334 0.7017321555555556 0.7261257444444443 0.7016398277777778 0.7492651666666666 0.68706275 0.7500277111111111 0.6715460833333333
0 0.6631726888888889 0.6167016055555555 0.6664801 0.6193349166666666 0.6745823666666666 0.6191934944444445 0.6819681555555556 0.6128136166666667 0.6722984666666666 0.6008897833333333 0.663073888888889 0.6110415333333333 0.6631726888888889 0.6167016055555555