0 0.33794094444444445 0.6471941 0.3344989611111111 0.6471340166666667 0.3194478388888889 0.6573928388888889 0.31929253888888887 0.6662901444444445 0.3283746166666667 0.6858598833333334 0.3517497055555555 0.6962228055555555 0.3575734888888889 0.6917298888888889 0.33794094444444445 0.6471941
0 0.29673705 0.6851888 0.3095124 0.7138489055555556 0.31739310555555555 0.7231755999999999 0.33821708888888885 0.7151157055555556 0.31611253333333333 0.6648791444444444 0.296875 0.67728565 0.29673705 0.6851888
0 0.38097730555555553 0.6447839944444445 0.38176546666666666 0.6325455666666667 0.37481268333333334 0.6200556888888888 0.36158057777777775 0.6198247222222222 0.35338471111111114 0.6231071444444444 0.35324185 0.6312916166666667 0.3740325388888889 0.6805828277777778 0.3804561722222222 0.6746396222222222 0.3818186944444445 0.6624112111111111 0.38097730555555553 0.6447839944444445
0 0.25045585555555555 0.7416065000000001 0.2535414611111111 0.7294081666666667 0.24616092222222222 0.7178252944444444 0.24072710555555557 0.71773045 0.22942595555555556 0.7215263222222222 0.22936182777777778 0.725200238888889 0.2532073777777778 0.7735123111111111 0.25347081111111114 0.7735169055555556 0.2581094 0.7639471888888889 0.25045585555555555 0.7416065000000001
0 0.7907951222222221 0.3282874333333333 0.7873729055555556 0.31054204999999996 0.7774104722222223 0.3103681555555555 0.7511107555555556 0.33065778333333334 0.7473888444444444 0.3334486888888889 0.7472286 0.3426289444444444 0.7540892444444445 0.35751144444444444 0.7861200555555555 0.3328004 0.7907951222222221 0.3282874333333333
0 0.9258862777777778 0.17235107777777778 0.9227707611111111 0.16843897777777778 0.9132876166666667 0.16827345000000002 0.8912642666666667 0.1809358888888889 0.8888763277777778 0.18578735000000002 0.8887089777777777 0.19537478333333336 0.8959123833333333 0.2108817388888889 0.9233883944444444 0.18379390555555555 0.9258862777777778 0.17235107777777778
0 0.8699825333333333 0.22151064444444443 0.87404315 0.21928423333333333 0.8683902611111112 0.20638457777777777 0.8662918333333334 0.20634795 0.8661699 0.21333355 0.8699825333333333 0.22151064444444443
0 0.8735680777777778 0.19536215555555556 0.8720189055555555 0.19657038333333332 0.8719275 0.20180704444444444 0.8795307277777777 0.21737511666666667 0.8847534277777778 0.21440323333333333 0.8744439166666667 0.19537743888888887 0.8735680777777778 0.19536215555555556
0 0.4859958888888889 0.5664323777777778 0.48316025 0.5663828833333333 0.47648336666666663 0.5739629666666667 0.4763879222222222 0.5794309 0.4853749222222222 0.6019603777777778 0.4929618777777778 0.5952009444444445 0.49602231111111106 0.5844446277777778 0.4859958888888889 0.5664323777777778
0 0.4959983055555556 0.5251828388888888 0.5088346833333334 0.5139204666666667 0.5073681 0.5112414166666667 0.49425137222222226 0.5110124611111111 0.49411479444444445 0.5188371111111111 0.4959983055555556 0.5251828388888888
0 0.4051956888888889 0.6059570111111111 0.41499991666666664 0.6038308611111111 0.4054830888888889 0.5872526277777778 0.3984639055555555 0.5871301111111111 0.3983621388888889 0.5929603888888889 0.4051956888888889 0.6059570111111111
0 0.3974377777777777 0.6119047722222223 0.39205401666666667 0.5981310277777777 0.3823272833333333 0.59796125 0.39441763333333335 0.6203527888888889 0.3974377777777777 0.6119047722222223
0 0.06221746666666667 0.903532211111111 0.054003077777777776 0.9033888277777778 0.053577016666666664 0.9277978944444445 0.05825756111111111 0.9283837888888888 0.06360008888888889 0.918546838888889 0.07393858888888889 0.9187273 0.0741256611111111 0.9080098999999999 0.06608460555555556 0.9078695388888889 0.06221746666666667 0.903532211111111
0 0.12576133333333334 0.8998061277777778 0.12011063333333334 0.8943827333333333 0.11262963333333333 0.8877429555555556 0.10916952222222223 0.8876825555555555 0.10427551666666666 0.8882171777777779 0.10403525555555555 0.901981688888889 0.11073378333333334 0.9049397333333333 0.11599956111111111 0.9100273833333332 0.12336043333333334 0.9101558666666667 0.12576133333333334 0.8998061277777778