0 0.30065518888888887 0.2495770111111111 0.28268629444444443 0.2549218277777778 0.3010118277777778 0.27817064444444445 0.3224186777777778 0.2792925277777778 0.3226667555555556 0.27455898888888886 0.30065518888888887 0.2495770111111111
0 0.32524872777777775 0.35324455555555556 0.35073451666666666 0.3809137333333333 0.36317136111111115 0.3815655222222222 0.39556415 0.3697189166666666 0.39560528888888885 0.36893393333333335 0.3628815777777778 0.32797523888888885 0.33227962222222224 0.3256729555555556 0.33084009444444445 0.33537653888888885 0.32524872777777775 0.35324455555555556
0 0.6467071611111112 0.6729107611111111 0.6381913888888888 0.6637082888888889 0.616614611111111 0.664673 0.6414638111111112 0.6854355555555556 0.6443778777777778 0.6855882722222222 0.6461781 0.6830059055555555 0.6467071611111112 0.6729107611111111
0 0.9117883166666666 0.8765176777777778 0.8856095166666668 0.8786382166666666 0.87246305 0.88353725 0.8834979833333334 0.8928313166666666 0.9049792555555556 0.8939571055555556 0.9326313 0.887389038888889 0.9447582388888888 0.8691650333333333 0.9482919833333333 0.8628299611111111 0.9486520555555557 0.8559593777777778 0.9352755555555556 0.8546980222222221 0.9117883166666666 0.8765176777777778
0 0.7053041055555556 0.8278607777777778 0.7321289277777778 0.8155759666666667 0.7380833 0.8103000111111112 0.7291088 0.8021461611111111 0.6974846666666666 0.8193483611111112 0.6999331555555556 0.8275792944444444 0.7053041055555556 0.8278607777777778
0 0.8581865666666666 0.7516724833333334 0.8562834333333333 0.7676382777777778 0.8664962555555555 0.7681735111111111 0.8792347388888888 0.7702179388888889 0.9085595944444445 0.7717547888888889 0.9089305833333333 0.7646758444444444 0.9088965777777778 0.7585210888888889 0.8711226722222222 0.7509534277777777 0.8581865666666666 0.7516724833333334
0 0.6676455555555555 0.8425767111111111 0.6713345722222221 0.8399025833333333 0.6714660444444445 0.8373938888888889 0.6578918944444444 0.8246945777777778 0.6496511222222222 0.8290402944444444 0.6495135888888889 0.8316645888888888 0.6564079888888888 0.8419877777777777 0.6676455555555555 0.8425767111111111
0 0.6097159777777778 0.7727825944444444 0.6275225555555556 0.7737158 0.63616515 0.7679125666666667 0.6362987 0.7653642500000001 0.6248188666666666 0.7594364166666666 0.6097159777777778 0.7727825944444444
0 0.5097292333333333 0.5266587444444445 0.5048508333333334 0.5205526888888888 0.4899958222222222 0.5197741722222222 0.5011350222222222 0.5334385611111111 0.5069157444444444 0.5337415166666667 0.5096578111111111 0.5280215277777778 0.5097292333333333 0.5266587444444445
0 0.41033707222222227 0.4062900888888889 0.4111631111111111 0.39052831111111114 0.40772604444444444 0.38570576666666667 0.39090702777777775 0.3862213277777778 0.3873915777777778 0.4000071277777778 0.39335944999999994 0.4054003277777778 0.41033707222222227 0.4062900888888889
0 0.4844155277777778 0.4789140611111111 0.4771774222222222 0.47098802222222225 0.47331425555555556 0.4707855611111111 0.4553871833333334 0.47585160555555556 0.47127202777777777 0.4873680722222222 0.4789804 0.48777205 0.48411761666666664 0.48459860000000005 0.4844155277777778 0.4789140611111111
0 0.2796776111111111 0.23254712777777778 0.28038317777777777 0.23216333333333333 0.2805531888888889 0.22891929444444442 0.27259744444444445 0.21477871666666667 0.2587477833333333 0.22038411666666669 0.25863813333333335 0.22247630555555556 0.2668387888888889 0.23187427222222223 0.2796776111111111 0.23254712777777778