0 0.7166666666666667 0.6425126388888889 0.7185982111111111 0.6444444444444445 0.7223937388888889 0.6444444444444445 0.7867117888888889 0.62291975 0.7817199333333333 0.6136191666666666 0.7166666666666667 0.634077761111111 0.7166666666666667 0.6425126388888889
0 0.8018815388888888 0.6410652 0.7946487166666666 0.6302145166666667 0.7277777777777777 0.6508686111111112 0.7277777777777777 0.6555555555555556 0.7528969277777777 0.6555555555555556 0.8018815388888888 0.6410652
0 0.7944444444444444 0.7381907722222222 0.8049401388888889 0.75 0.8160461 0.75 0.8564956833333333 0.7332155 0.8389302222222222 0.7177145055555556 0.7944444444444444 0.733673511111111 0.7944444444444444 0.7381907722222222
0 0.8377624944444444 0.7888826388888889 0.8759931722222223 0.7811321666666667 0.844995311111111 0.7563305888888889 0.8222222222222222 0.7689564833333334 0.8222222222222222 0.7706689444444443 0.8377624944444444 0.7888826388888889
0 0.8949597722222222 0.8538457611111111 0.9300906111111111 0.839119838888889 0.9116838388888889 0.8195110833333334 0.8888888888888888 0.8318257944444445 0.8888888888888888 0.8447382444444445 0.8949597722222222 0.8538457611111111
0 0.9055555555555556 0.7830322555555556 0.9055555555555556 0.7916896499999999 0.9121575000000001 0.8055555555555556 0.914277161111111 0.8055555555555556 0.9388888888888889 0.7991651111111111 0.9388888888888889 0.7986987111111111 0.91859025 0.7781435888888889 0.9055555555555556 0.7830322555555556
0 0.7611111111111111 0.7006598166666667 0.7668110555555556 0.7111111111111111 0.7858105222222223 0.7111111111111111 0.8038136166666667 0.6943917333333333 0.7986473277777778 0.6843160888888888 0.7611111111111111 0.6969121666666667 0.7611111111111111 0.7006598166666667
0 0.6055555555555555 0.6480724055555556 0.6055555555555555 0.6500965166666667 0.6202397166666667 0.6611111111111111 0.6584786444444445 0.6611111111111111 0.6611111111111111 0.6601237999999999 0.6611111111111111 0.6593435333333334 0.6237367611111111 0.6371899777777779 0.6055555555555555 0.6480724055555556
0 0.7444444444444445 0.82161315 0.7477317944444445 0.8277777777777777 0.7952729666666667 0.8277777777777777 0.7764994166666667 0.8131324277777777 0.7723331944444444 0.8084821444444443 0.7444444444444445 0.8171480444444444 0.7444444444444445 0.82161315
0 0.44925702777777776 0.5219912555555556 0.46475596111111117 0.5165658944444445 0.44825015 0.5023825 0.4222222222222222 0.5071292 0.4222222222222222 0.5102164333333333 0.44925702777777776 0.5219912555555556
0 0.6222222222222222 0.5383820111111111 0.6290372055555555 0.55 0.6417838499999999 0.55 0.6531346611111111 0.5476779333333333 0.6469350833333333 0.5329519944444444 0.6222222222222222 0.5329519944444444 0.6222222222222222 0.5383820111111111
0 0.2833333333333333 0.39002017222222224 0.2878437555555555 0.39444444444444443 0.3095642611111111 0.39444444444444443 0.3157543277777778 0.3920123166666667 0.30863232777777777 0.3759688 0.2833333333333333 0.38625968888888884 0.2833333333333333 0.39002017222222224