0 0.5122457777777778 0.47864022222222224 0.5672700333333333 0.5072517333333333 0.5714237166666667 0.5011418111111111 0.5224693333333333 0.4733616722222222 0.5141661944444444 0.4729265222222222 0.5123061277777777 0.47748863888888887 0.5122457777777778 0.47864022222222224
0 0.5781094444444445 0.4959366777777778 0.58452685 0.4905206333333333 0.5440176111111111 0.4689277888888889 0.5350321833333334 0.4684568833333333 0.5348090833333333 0.4727138777777778 0.5781094444444445 0.4959366777777778
0 0.5466549555555555 0.4617988444444444 0.54927945 0.4556087833333333 0.5412141444444445 0.4520913222222222 0.53590445 0.45181305555555556 0.5356312111111111 0.4570267333333334 0.5466549555555555 0.4617988444444444
0 0.5537112944444444 0.4304935555555555 0.5532306222222222 0.4396653611111111 0.5862657388888889 0.45534847222222224 0.5978549333333334 0.45365488888888894 0.5666137611111111 0.4353357388888889 0.5701539277777777 0.4313552777777778 0.5537112944444444 0.4304935555555555
0 0.5882493999999999 0.41366083333333337 0.587948761111111 0.4193974388888889 0.5960586666666666 0.42557483888888886 0.5919049833333333 0.4316847555555555 0.6031033444444444 0.4374487666666667 0.6198212777777777 0.42566970555555556 0.6245249444444444 0.4218895555555555 0.5968383111111112 0.4049378444444445 0.5884527222222222 0.4044983777777778 0.5879986277777778 0.41316299444444443 0.5882493999999999 0.41366083333333337
0 0.5998882166666667 0.4008626722222222 0.6082987777777777 0.40130345 0.6183222666666667 0.3983773277777778 0.6281670888888888 0.3897657166666667 0.6282197944444444 0.3887600222222222 0.6100249444444444 0.37781302777777775 0.6034616888888888 0.3774690666666667 0.5891796833333333 0.3906271055555555 0.5889780611111112 0.3944743833333333 0.5900687277777779 0.3980471055555555 0.5998882166666667 0.4008626722222222
0 0.6357433888888888 0.3513530777777778 0.6570761555555555 0.36342931666666667 0.6689522944444444 0.3516056888888889 0.6487436944444445 0.3408999333333333 0.6431816055555556 0.3406084388888889 0.6358565277777778 0.34919425555555555 0.6357433888888888 0.3513530777777778
0 0.6796009222222222 0.38446318888888886 0.6720797222222222 0.38106518333333333 0.663011561111111 0.3805899388888889 0.6619576777777778 0.3819135444444445 0.6614077666666667 0.39240657777777777 0.66831475 0.39542873888888885 0.6760427777777778 0.39583375 0.6817551333333334 0.3885766 0.6796009222222222 0.38446318888888886
0 0.7366178777777778 0.27157479444444443 0.7258751277777777 0.2670577055555555 0.7202197555555555 0.2667613222222222 0.71221635 0.27213536666666666 0.7119941222222222 0.27637571666666666 0.7460016166666666 0.2947361333333333 0.7515944055555556 0.29102873333333334 0.7298168055555556 0.2769968888888889 0.7366178777777778 0.27157479444444443
0 0.7589911277777778 0.2512235944444444 0.7825644333333333 0.26490505000000003 0.7917985055555555 0.25827696666666666 0.7604476833333333 0.24105367777777778 0.7435089611111111 0.2401659611111111 0.7357052611111112 0.24854739444444446 0.7353630722222222 0.2550767388888889 0.7483198611111112 0.2626658666666667 0.754413961111111 0.25942923333333334 0.7589911277777778 0.2512235944444444
0 0.15631483333333332 0.8643461944444444 0.1464562888888889 0.8769083666666666 0.14623577777777777 0.8811159722222223 0.15853557777777777 0.88979915 0.17498889444444443 0.8697698722222224 0.16350895555555556 0.8606614722222221 0.15974313888888889 0.8604641111111112 0.15631483333333332 0.8643461944444444
0 0.19917442777777777 0.8263524111111111 0.20532446666666668 0.8294738500000001 0.20843245555555556 0.8296367333333333 0.21970898333333336 0.8196238833333334 0.2104821888888889 0.8130546166666667 0.20298770555555556 0.81266185 0.19968189444444442 0.8166694666666667 0.19917442777777777 0.8263524111111111
0 0.23695385555555554 0.8019939277777777 0.22382953333333333 0.7924160888888889 0.21728234444444444 0.7992881888888889 0.21717099444444443 0.8014128388888889 0.22758040555555553 0.8112817166666667 0.23695385555555554 0.8019939277777777