0 0.4402764444444444 0.4613122277777778 0.47527423888888887 0.49059075 0.48351055 0.49001481111111106 0.48720562777777776 0.4763162944444444 0.4864061611111111 0.4648833222222223 0.47357937777777775 0.45535818888888885 0.4843256444444445 0.43793062222222223 0.45776487222222223 0.4158613111111111 0.4402764444444444 0.4613122277777778
0 0.4347844055555556 0.44886909999999997 0.44466687222222223 0.42547874999999996 0.4445632944444445 0.42399755 0.4304857611111111 0.41089640000000005 0.4270525444444444 0.4387967277777778 0.43373262777777777 0.44894264999999994 0.4347844055555556 0.44886909999999997
0 0.5055040555555556 0.5163224833333333 0.5106403166666666 0.4928792888888889 0.5099263055555555 0.4826684666666667 0.5026752722222222 0.47774898888888884 0.4905351722222222 0.5047984777777778 0.503139211111111 0.5164878500000001 0.5055040555555556 0.5163224833333333
0 0.5249865 0.5038218944444444 0.5373134722222223 0.4761124611111111 0.5367258666666667 0.4677092833333333 0.5298493944444445 0.46332425 0.5171151055555556 0.4958758611111111 0.5228394222222222 0.5039720333333334 0.5249865 0.5038218944444444
0 0.5734494611111112 0.5227095222222222 0.5739092277777778 0.5216032666666667 0.5731925222222223 0.51135385 0.5612865277777778 0.5050411888888889 0.5606441222222223 0.5168537222222223 0.56993295 0.5229554222222222 0.5734494611111112 0.5227095222222222
0 0.5286501444444445 0.5369381277777778 0.5350634277777778 0.5235774944444445 0.5338211555555555 0.5058121388888889 0.5231026777777779 0.5252704722222222 0.5286501444444445 0.5369381277777778
0 0.6791469111111111 0.5930135055555555 0.6784087777777777 0.5824577444444444 0.6639787500000001 0.5699155944444444 0.6548730055555555 0.5835820777777778 0.6546176388888889 0.5915966055555555 0.6702394722222222 0.6050052388888889 0.6778164611111112 0.6044754055555556 0.6791469111111111 0.5930135055555555
0 0.6462788666666667 0.6250976666666667 0.6602266 0.6378983333333333 0.6824667944444445 0.6370681777777778 0.6873344222222222 0.6304582111111111 0.6867344555555556 0.6218783388888889 0.6833703 0.6188787444444445 0.6736284611111111 0.6195599611111111 0.6696748388888889 0.60968575 0.6600201333333333 0.6038354333333333 0.6489313111111111 0.6031422444444444 0.6462788666666667 0.6250976666666667
0 0.5416666666666666 0.5305555555555556 0.011111111111111112 0.011111111111111112
0 0.5555555555555556 0.5 0.011111111111111112 0.016666666666666666
0 0.7361111111111112 0.6638888888888889 0.016666666666666666 0.005555555555555556
0 0.5722222222222222 0.5611111111111111 0.011111111111111112 0.011111111111111112