0 0.39794036111111114 0.6756219333333333 0.3729751055555556 0.6290470444444445 0.35733927222222217 0.6298664833333334 0.35457801666666666 0.6316420111111111 0.38670373888888887 0.6917632277777778 0.3980984111111111 0.678637688888889 0.39794036111111114 0.6756219333333333
0 0.3386026888888889 0.7110614111111111 0.3238379777777778 0.6816908333333334 0.3136047722222222 0.6822271333333333 0.30841485555555553 0.6890230444444444 0.33323151666666667 0.7340760555555556 0.3395212444444444 0.7285884444444444 0.3386026888888889 0.7110614111111111
0 0.33295610000000003 0.6888753666666667 0.34981927222222226 0.7192714666666666 0.3511179555555555 0.7192034055555556 0.3659171277777778 0.7014929777777777 0.36558781111111116 0.6952092222222223 0.3451135722222222 0.6638862833333333 0.34304203888888884 0.66399485 0.33766196666666665 0.6860624888888889 0.33295610000000003 0.6888753666666667
0 0.28131771111111115 0.7856685833333333 0.25718958333333336 0.7463787 0.2555343666666667 0.74646545 0.2518296166666667 0.7537611944444446 0.2519521055555556 0.7560985111111111 0.2775132444444445 0.7998763888888888 0.2818193333333333 0.7952401111111111 0.28131771111111115 0.7856685833333333
0 0.4293523666666667 0.6380879277777778 0.42274331666666665 0.6264388055555555 0.4179860833333333 0.6266881222222221 0.41437416666666665 0.6339767555555555 0.42322893333333333 0.6508953 0.42980206111111113 0.6466686722222222 0.4293523666666667 0.6380879277777778
0 0.4747115333333333 0.5482262555555556 0.4614928555555556 0.5242707944444445 0.4552547722222222 0.5245977166666667 0.4448406888888889 0.5344481333333333 0.4567528388888889 0.5516535777777778 0.4749317388888889 0.5524280888888888 0.4747115333333333 0.5482262555555556
0 0.46405427777777775 0.5571773 0.4585699555555556 0.5522398722222223 0.45534704444444446 0.5524087777777779 0.45115551111111113 0.5675875611111111 0.4605307555555556 0.5806160166666667 0.4654351777777778 0.5835264888888889 0.46405427777777775 0.5571773
0 0.5165411833333333 0.5658912722222222 0.5250777388888889 0.5539046222222223 0.5246577555555555 0.5458908611111112 0.5219562944444445 0.5433547555555556 0.5170993555555555 0.5436093 0.5063900388888889 0.5591792888888889 0.5155742166666667 0.5659419444444445 0.5165411833333333 0.5658912722222222
0 0.5100144944444445 0.4787843944444444 0.5091334222222221 0.47726861666666665 0.5040018944444444 0.47753755000000003 0.49696320000000005 0.4851793277777778 0.5109756222222223 0.5037589833333332 0.5112933333333333 0.5031860277777778 0.5100144944444445 0.4787843944444444
0 0.08020656666666667 0.9482824277777777 0.10107868333333334 0.9556640944444446 0.09987231111111111 0.9326451 0.08181272777777777 0.9335915666666667 0.08020656666666667 0.9482824277777777
0 0.11944444444444445 0.8805555555555555 0.011111111111111112 0.03333333333333333
0 0.13333333333333333 0.9055555555555556 0.016666666666666666 0.011111111111111112
0 0.16944444444444445 0.8888888888888888 0.022222222222222223 0.011111111111111112
0 0.1111111111111111 0.95 0.011111111111111112 0.011111111111111112