0 0.5862337944444445 0.5377737666666667 0.5628046444444444 0.5124044166666667 0.5459633833333334 0.524048038888889 0.53578 0.5117373444444445 0.5243208555555555 0.5115373277777777 0.5108344944444444 0.5159442666666667 0.5106904 0.5241994333333333 0.5417604388888889 0.5576169444444444 0.5862337944444445 0.5377737666666667
0 0.5773150333333333 0.5513571555555555 0.5544739444444444 0.5624502333333333 0.5544555444444444 0.5635044166666667 0.5649371666666666 0.56964435 0.5926195833333333 0.5647556444444444 0.5787996277777777 0.5513830666666667 0.5773150333333333 0.5513571555555555
0 0.5065540777777777 0.4890016 0.48341182777777775 0.4953577388888889 0.48337045 0.49772800000000006 0.49570345 0.5097029888888889 0.5220805000000001 0.4961638666666666 0.5167882777777778 0.4891802388888889 0.5065540777777777 0.4890016
0 0.5219019666666667 0.46148748888888885 0.49487565 0.4752477666666666 0.4948380888888889 0.4773997611111111 0.5032227555555555 0.4826925111111111 0.5350632888888889 0.46827205 0.5303243777777777 0.4616345 0.5219019666666667 0.46148748888888885
0 0.47455822777777773 0.42732268888888886 0.47347755555555554 0.4278397222222222 0.4734160333333334 0.4313642888888889 0.4799955055555556 0.4403210444444445 0.4917582333333333 0.4390612944444444 0.4848311111111111 0.427502 0.47455822777777773 0.42732268888888886
0 0.47355505555555555 0.47825153888888894 0.4924257611111111 0.4665293777777778 0.47461973888888886 0.4662185722222222 0.4616130611111111 0.47332231666666663 0.47355505555555555 0.47825153888888894
0 0.40043686111111115 0.35038805 0.4084270388888889 0.34971359444444444 0.42159823888888887 0.3399050777777778 0.4083180666666667 0.3261512277777778 0.39773814444444444 0.32596655555555554 0.3863615833333333 0.32789505 0.3862290222222222 0.33548938333333334 0.40043686111111115 0.35038805
0 0.35991625 0.31974997222222223 0.3535700944444444 0.3249568611111111 0.3539050388888889 0.34721002777777776 0.3674181333333334 0.36046871111111106 0.38920465 0.3566708388888889 0.38793206666666663 0.3456334944444444 0.38158447777777776 0.33629820555555556 0.37151687777777775 0.3328667777777778 0.37168731666666666 0.3231026388888889 0.3685157611111111 0.3199000777777778 0.35991625 0.31974997222222223
0 0.4666666666666667 0.46111111111111114 0.011111111111111112 0.011111111111111112
0 0.49722222222222223 0.4444444444444444 0.016666666666666666 0.011111111111111112
0 0.32222222222222224 0.2722222222222222 0.005555555555555556 0.016666666666666666
0 0.43333333333333335 0.43333333333333335 0.011111111111111112 0.011111111111111112