0 0.6519994888888889 0.49734683888888886 0.6389021222222222 0.49954608333333334 0.63895375 0.50250395 0.6603917277777778 0.5347006388888889 0.6837910333333334 0.5246217333333333 0.6837830444444445 0.52416405 0.66545665 0.4971119444444444 0.6519994888888889 0.49734683888888886
0 0.7676760777777777 0.4749388555555556 0.7615256722222222 0.46765304444444444 0.7410232944444445 0.4680109111111111 0.7328546166666666 0.4705381777777778 0.7329539555555555 0.47622910555555553 0.7528176277777777 0.5043638888888888 0.7914987666666666 0.49283637222222226 0.7794039666666666 0.47337759999999995 0.7676760777777777 0.4749388555555556
0 0.6744768388888889 0.4413904777777778 0.6657603833333333 0.44662473888888893 0.6661568833333333 0.46934004444444444 0.6672553277777777 0.4719533 0.6795285388888889 0.4669233444444444 0.6901512277777778 0.45385076111111106 0.6838194388888889 0.44122739999999994 0.6744768388888889 0.4413904777777778
0 0.9252536777777778 0.35166122222222224 0.9699835833333333 0.4237685055555555 0.983004261111111 0.41458802222222224 0.9373720055555554 0.34234279444444443 0.93490365 0.3423858777777778 0.9251589777777778 0.34623593333333336 0.9252536777777778 0.35166122222222224
0 0.9442668055555556 0.4412528666666667 0.9572333222222222 0.42915676666666663 0.9051691388888888 0.3484613 0.9028794111111111 0.34850126666666664 0.8867177944444445 0.35611688333333336 0.9442668055555556 0.4412528666666667
0 0.8987576611111111 0.4253356 0.9099558444444446 0.44772287222222223 0.9315799666666666 0.4432757777777778 0.9137481722222223 0.42054477777777777 0.9005615777777777 0.42077495 0.8986844277777777 0.42114015 0.8987576611111111 0.4253356
0 0.8923107444444445 0.3869917944444445 0.8751118833333333 0.3656551555555555 0.8688497722222221 0.3657644611111111 0.8533855944444445 0.37258018888888894 0.8535059944444444 0.3794779722222222 0.8551889944444445 0.3842484055555556 0.8705563777777778 0.3839801666666666 0.8815578166666667 0.3926056722222222 0.8923107444444445 0.3869917944444445
0 0.8502691666666666 0.40196394999999996 0.842801961111111 0.4028962 0.8430547333333334 0.4173774888888889 0.8537267444444445 0.44463472777777774 0.8456739000000001 0.44952319444444444 0.85776865 0.46898195555555555 0.8883141611111111 0.45759642777777776 0.8502691666666666 0.40196394999999996
0 0.8210223111111111 0.45702377222222224 0.8354502444444445 0.4547371333333333 0.8218724777777778 0.4356433722222222 0.8155201055555555 0.42225935 0.796178838888889 0.4225969555555556 0.7765793111111111 0.42891572777777776 0.77678015 0.4404216833333333 0.80060985 0.47908477777777775 0.8131351666666666 0.47140515555555557 0.8210223111111111 0.45702377222222224
0 0.7472222222222222 0.4305555555555556 0.016666666666666666 0.011111111111111112
0 0.47848464444444444 0.5406902 0.5032407777777779 0.5823154611111111 0.51990395 0.5781584555555556 0.488272 0.5335431222222222 0.4849777722222222 0.5336006222222223 0.4784668388888889 0.5396702888888889 0.47848464444444444 0.5406902
0 0.45589439444444446 0.5682334944444444 0.4315228277777778 0.5706937111111111 0.41564656111111115 0.5418051555555555 0.4064058944444444 0.5495401277777778 0.4065127166666667 0.5556600277777778 0.4357423277777777 0.6052119277777778 0.4683639833333333 0.5975301222222222 0.4682976611111111 0.5937304777777778 0.45589439444444446 0.5682334944444444
0 0.48726727222222216 0.5946810833333334 0.49423988888888887 0.5859453333333333 0.4743727277777778 0.5504549444444444 0.46198965555555555 0.5506710888888888 0.4620545 0.5543861111111111 0.4870741333333333 0.5946844555555555 0.48726727222222216 0.5946810833333334
0 0.26944444444444443 0.6527777777777778 0.022222222222222223 0.011111111111111112
0 0.33611111111111114 0.6583333333333333 0.022222222222222223 0.011111111111111112
0 0.3138888888888889 0.6666666666666666 0.022222222222222223 0.011111111111111112
0 0.18055555555555555 0.6527777777777778 0.011111111111111112 0.011111111111111112
0 0.18611111111111112 0.6361111111111111 0.011111111111111112 0.005555555555555556
0 0.20277777777777778 0.6194444444444445 0.022222222222222223 0.005555555555555556
0 0.43333333333333335 0.6138888888888889 0.027777777777777776 0.016666666666666666