0 0.27087315 0.9615518444444444 0.2654201388888889 0.9681748888888889 0.26657743333333334 0.9847249611111112 0.2721295611111111 0.9853381944444444 0.28115758888888887 0.976268 0.27221446111111114 0.96145805 0.27087315 0.9615518444444444
0 0.43466415555555554 0.7026517166666667 0.4493877388888889 0.6749730722222222 0.4401097222222222 0.66140905 0.42407462222222225 0.6884909055555556 0.42440625 0.6932334444444445 0.43466415555555554 0.7026517166666667
0 0.40361606111111115 0.7406429333333334 0.3945124944444444 0.743585688888889 0.39550782777777777 0.7578195944444444 0.40005569444444444 0.7699405888888888 0.4133462444444444 0.7503569055555556 0.41712448333333335 0.7396983277777778 0.40361606111111115 0.7406429333333334
0 0.2700959777777778 0.87575825 0.2789233888888889 0.8689394444444444 0.2844222777777778 0.8499005666666667 0.27797934999999996 0.8459095888888888 0.27840926666666665 0.8329990777777777 0.26868383888888886 0.8555637055555555 0.2700959777777778 0.87575825
0 0.42349129444444444 0.48864264444444444 0.4214637388888889 0.4918692388888889 0.42277969444444446 0.5106882611111111 0.42666815 0.5173453 0.4393489611111111 0.49380697222222225 0.4339044944444444 0.4879144833333333 0.42349129444444444 0.48864264444444444
0 0.4727787611111111 0.3519294 0.46772041666666664 0.35694908888888893 0.4693902777777778 0.38082917777777775 0.4763387111111111 0.38854495 0.49278191666666665 0.3616344166666667 0.48435811666666667 0.33646275555555555 0.49030661666666664 0.30717696666666666 0.4834056777777778 0.30854779444444447 0.4727787611111111 0.3519294
0 0.7516120444444444 0.5410743111111112 0.7485470611111111 0.5383111111111111 0.7361633944444445 0.5391770611111112 0.72288995 0.5448592833333333 0.7046850611111111 0.5465765222222222 0.6980829555555556 0.5452429555555556 0.69885955 0.5563488055555555 0.7322522888888888 0.5548643 0.7516120444444444 0.5410743111111112
0 0.6199406000000001 0.48931611111111106 0.6166110666666667 0.44646631111111107 0.6228146333333333 0.41526950555555553 0.6169913555555555 0.41385146666666667 0.6128338055555556 0.4141421888888889 0.6060068000000001 0.43299502777777776 0.6111824555555556 0.4450693833333333 0.6023455777777778 0.4425782055555556 0.6018692277777777 0.44359697777777773 0.6039087888888889 0.47276408888888893 0.6199406000000001 0.48931611111111106
0 0.47615614444444443 0.39585401111111107 0.5472373055555555 0.46177221111111116 0.5369335722222223 0.5002455611111111 0.5542365111111112 0.4999238888888889 0.5545696388888889 0.4839606722222222 0.5536581166666666 0.47092527777777776 0.5393389166666667 0.44411433333333333 0.49698796666666667 0.39439731111111115 0.4951797388888889 0.3945237555555555 0.4935163333333333 0.4082333166666667 0.4886905833333333 0.39497752222222227 0.47615614444444443 0.39585401111111107
0 0.5013708222222222 0.3829525888888889 0.4997388833333334 0.38306670555555555 0.5444238277777778 0.43822515 0.5609091055555555 0.4357398944444445 0.5655116277777777 0.4300882777777778 0.5419146722222222 0.4166370888888889 0.5172135111111111 0.39215951111111114 0.5013708222222222 0.3829525888888889
0 0.4463079166666667 0.04708653888888888 0.4415091611111111 0.0474221 0.4247195277777778 0.06057632222222223 0.42486535555555555 0.06266174999999999 0.45332690555555555 0.05947656111111111 0.49664087222222225 0.06926602222222222 0.48898085555555554 0.054762644444444446 0.4463079166666667 0.04708653888888888
0 0.7664908055555556 0.5269205333333333 0.784356311111111 0.5033384166666667 0.7968313055555555 0.47375246666666665 0.8032527722222222 0.4497434888888889 0.8000173666666667 0.4456060111111111 0.7993815777777779 0.4456504722222222 0.7744167444444444 0.5059968 0.7528929444444443 0.5294789166666667 0.7534197111111111 0.5295524666666667 0.7528349277777778 0.5318111777777778 0.7534044000000001 0.5399550166666667 0.7664908055555556 0.5269205333333333
0 0.7133386777777777 0.29719307222222224 0.7376410666666667 0.2972115777777778 0.7605569888888889 0.3142607666666667 0.7747039666666666 0.32701478333333334 0.7850688833333334 0.3488682166666667 0.7968621333333333 0.3779842944444444 0.8016052166666666 0.38526045 0.8066337444444445 0.3944246388888889 0.8005743888888889 0.35735518888888884 0.7774582833333332 0.31111557777777776 0.7692855555555554 0.30481539999999996 0.7484819722222222 0.2877051888888889 0.7483909166666667 0.28771155555555555 0.7485215111111111 0.2895791277777778 0.7371248277777778 0.28849936111111113 0.7006084 0.2910528388888889 0.6916960111111111 0.29462112777777777 0.69258555 0.30734211666666666 0.7133386777777777 0.29719307222222224