0 0.6568233333333333 0.3472397888888889 0.6602653166666667 0.3471797111111111 0.6749492444444445 0.3364018611111111 0.6747939388888888 0.3275045555555556 0.6650344222222222 0.3082637 0.6413119055555556 0.2987228666666667 0.6356484722222222 0.30341629444444446 0.6568233333333333 0.3472397888888889
0 0.6966761277777778 0.3078302388888889 0.6829083444444445 0.27963344444444443 0.6747069388888889 0.27058746666666667 0.6541769277777778 0.2793691944444444 0.67802125 0.3288037166666667 0.6968140777777778 0.31573338888888886 0.6966761277777778 0.3078302388888889
0 0.6138973 0.35115037222222223 0.6135367388888888 0.36340885 0.6209211722222222 0.37564847222222225 0.6341532777777777 0.3754175055555556 0.6422296 0.37185105 0.6420867388888889 0.3636665722222222 0.6195884777777778 0.31513097777777777 0.6133761722222223 0.32129474444444445 0.6124412444444445 0.3335632611111111 0.6138973 0.35115037222222223
0 0.7409601833333335 0.2498317111111111 0.7383021722222223 0.2621303 0.74608245 0.27344854444444444 0.7515162666666667 0.27335369444444446 0.7626780611111111 0.2691657277777778 0.7626139333333334 0.2654918111111111 0.7370968444444445 0.21804136666666665 0.7368334055555555 0.21804596666666667 0.7325316222222222 0.2277717388888889 0.7409601833333335 0.2498317111111111
0 0.21537470555555555 0.6817565666666667 0.21941414444444443 0.6993717055555555 0.22937657777777778 0.6991978111111111 0.2549521722222222 0.6780026944444445 0.25857441666666664 0.6750836 0.2584141722222222 0.6659033444444444 0.25103831666666665 0.6512693444444444 0.21988942222222221 0.6770831888888889 0.21537470555555555 0.6817565666666667
0 0.08580794444444445 0.8423125444444444 0.08905809444444443 0.8461135277777777 0.09854123888888888 0.8459479999999999 0.12010925555555554 0.8325246666666667 0.12232642777777779 0.8275928277777779 0.12215907777777778 0.8180053944444444 0.11441887777777777 0.8027592777777778 0.08790495555555555 0.8307895166666667 0.08580794444444445 0.8423125444444444
0 0.1399619888888889 0.791231911111111 0.13598154444444444 0.7935986833333333 0.14208118333333333 0.8062931944444445 0.1441796111111111 0.8062565666666667 0.14405767777777778 0.7992709611111112 0.1399619888888889 0.791231911111111
0 0.1372912 0.8174896055555556 0.1387972611111111 0.8162280500000001 0.13870585555555556 0.8109913833333334 0.13056393888888887 0.7956981444444444 0.1254481388888889 0.7988504944444444 0.1364153611111111 0.8175048944444444 0.1372912 0.8174896055555556
0 0.5116771222222223 0.43311935555555553 0.5145127611111111 0.43306985555555555 0.5209210388888889 0.42526137222222227 0.5208255944444444 0.4197934388888889 0.5110578 0.3975913277777778 0.5037113722222222 0.40461142222222224 0.5010281944444445 0.41546799444444443 0.5116771222222223 0.43311935555555553
0 0.5031203888888889 0.47469284444444443 0.4906848833333333 0.48639633888888884 0.4922440722222222 0.48902257777777774 0.5053607944444445 0.48879362222222217 0.5052242166666667 0.48096897222222224 0.5031203888888889 0.47469284444444443
0 0.5910487111111111 0.39079891111111115 0.5813246611111111 0.3932659277777778 0.5914142611111111 0.4095019277777778 0.5984334444444445 0.4093794111111111 0.5983316777777777 0.40354912777777774 0.5910487111111111 0.39079891111111115
0 0.5985943222222222 0.3845840222222222 0.6044555055555556 0.39816148888888886 0.6141822333333333 0.39799171111111115 0.6013177944444444 0.3760357555555556 0.5985943222222222 0.3845840222222222
0 0.9234327777777777 0.08143521666666667 0.9316471666666667 0.08129183333333333 0.9312211055555556 0.056882772222222225 0.9265229666666667 0.056460583333333335 0.9215269944444444 0.06647798888888888 0.9111884944444444 0.06665845000000001 0.9113755666666667 0.07737585 0.9194166222222222 0.07723549444444444 0.9234327777777777 0.08143521666666667
0 0.8600576555555555 0.08737668333333333 0.8658941888888888 0.09259956666666667 0.8736023611111111 0.09897421666666667 0.8770624722222221 0.09891382222222221 0.8819348333333333 0.09820872777777778 0.8816945722222223 0.08444421666666667 0.8748968944444444 0.08172175000000001 0.8694567666666667 0.07682097222222223 0.8620958944444443 0.07694945555555556 0.8600576555555555 0.08737668333333333