0 0.5114921499999999 0.5107175833333333 0.5116248666666667 0.5145180444444445 0.5429123888888889 0.542973 0.5476122944444444 0.5428088777777778 0.5539237166666667 0.53928535 0.5595472888888889 0.5281899 0.5307041444444445 0.5055198444444444 0.5114921499999999 0.5107175833333333
0 0.4838729333333333 0.46996226111111117 0.4771623 0.4758340555555556 0.47135761666666665 0.47572587777777775 0.47173162222222226 0.48643597222222223 0.4791706055555556 0.4951684388888889 0.5109104555555556 0.49406005555555554 0.5108670277777777 0.49281635555555553 0.5038884222222222 0.4809140333333333 0.4940810611111111 0.4726124277777778 0.4838729333333333 0.46996226111111117
0 0.6666666666666666 0.6055555555555555 0.016666666666666666 0.011111111111111112
0 0.6113340666666667 0.5762206944444445 0.5989158222222223 0.5777818388888889 0.5972271166666667 0.5780367611111111 0.5977082 0.5918131722222222 0.597913 0.5920983944444445 0.5980714666666667 0.5966362222222222 0.6208036555555556 0.5958424 0.6220065 0.5935120111111111 0.6162671444444444 0.5869474944444444 0.6113340666666667 0.5762206944444445
0 0.672552 0.6255574166666666 0.6629617611111112 0.6221649166666666 0.6627358166666666 0.6221728055555555 0.6544291277777777 0.6242153277777778 0.6547550555555556 0.6335487666666666 0.6547969499999999 0.6335679166666667 0.6680305166666667 0.6331057944444444 0.6697729833333333 0.6320435666666667 0.672552 0.6255574166666666
0 0.7368351944444445 0.7259809722222224 0.7358809777777777 0.7280693611111111 0.7362802055555556 0.7395017444444444 0.7384934444444444 0.7418240111111112 0.7498202555555555 0.7414284722222222 0.7527380333333332 0.7367005277777778 0.7484733944444445 0.7293328555555555 0.7442483000000001 0.7245946055555555 0.7368351944444445 0.7259809722222224
0 0.88661715 0.8042740777777777 0.883180038888889 0.8072936444444445 0.8835008611111111 0.8164807722222223 0.8882008499999999 0.8199802444444444 0.8912316277777778 0.8198744055555556 0.8951202166666666 0.8182586777777778 0.9008486555555556 0.8101662111111111 0.8966042 0.8039253222222222 0.88661715 0.8042740777777777
0 0.7710341277777778 0.7796002611111111 0.7739483666666668 0.7794984944444445 0.7799842777777777 0.7774127388888888 0.7843953055555556 0.7746278944444445 0.7801699888888889 0.7683863333333333 0.7744713333333334 0.7648270388888889 0.7706969444444444 0.7699446944444445 0.7710341277777778 0.7796002611111111
0 0.8295435277777778 0.8053517777777779 0.8276310277777779 0.8084507722222223 0.8279130388888889 0.8165265944444444 0.8396431777777777 0.8161169722222223 0.8405333722222222 0.8125305388888888 0.8398318944444444 0.8049925 0.8295435277777778 0.8053517777777779
0 0.8339968833333333 0.8405167555555555 0.8288311055555555 0.84281655 0.8290013222222222 0.8476908777777779 0.8303876555555555 0.8519176888888889 0.8361562555555556 0.8551513333333334 0.8415502055555556 0.8549629722222223 0.8423295388888888 0.8496215166666666 0.8385509833333333 0.8429885277777778 0.8339968833333333 0.8405167555555555
0 0.7757789333333334 0.7562864666666667 0.776513888888889 0.7571731333333334 0.7866816222222222 0.7568180666666666 0.7875020388888889 0.75196125 0.78040595 0.7495782444444444 0.7756414611111111 0.7523498500000001 0.7757789333333334 0.7562864666666667