0 0.2745083333333333 0.61863725 0.21104065 0.5936906055555556 0.2054121777777778 0.6026203222222223 0.26807206666666666 0.6285791833333334 0.27185834999999997 0.6288439444444444 0.27391994444444445 0.6270515833333333 0.2745083333333333 0.61863725
0 0.19698572777777779 0.6093436666666666 0.18901361666666666 0.6196633833333334 0.2368681111111111 0.6375354333333333 0.2619260722222222 0.6392876555555556 0.26225301666666667 0.6346121277777778 0.19698572777777779 0.6093436666666666
0 0.18997256666666668 0.7125648888888889 0.14670840000000002 0.6935415888888888 0.12810443333333332 0.7077795166666666 0.16728465555555555 0.72734475 0.1783635611111111 0.728119461111111 0.1896574611111111 0.7170711444444445 0.18997256666666668 0.7125648888888889
0 0.10531193888888889 0.7542193833333334 0.14290884444444443 0.7646178166666666 0.15968178333333333 0.7475325222222223 0.1598012388888889 0.7458242333333333 0.1379643611111111 0.7316405222222222 0.10531193888888889 0.7542193833333334
0 0.04730126111111111 0.8082921555555557 0.0813193 0.8254328111111112 0.08801070000000001 0.8167709611111111 0.08891142777777777 0.8038899666666667 0.06703103333333334 0.7900151555555556 0.04730126111111111 0.8082921555555557
0 0.06753201666666667 0.7760605833333333 0.07508511666666667 0.7626889833333333 0.07568902777777778 0.7540526777777777 0.0630271 0.7482666666666666 0.04134405555555556 0.7673557555555555 0.041311516666666666 0.7678210166666667 0.06541751666666666 0.7759127222222222 0.06753201666666667 0.7760605833333333
0 0.22578904444444448 0.6782183055555555 0.1892229222222222 0.6630345222222223 0.18336637777777776 0.6727252388888889 0.20015933333333333 0.6906597222222222 0.21911251666666665 0.6919850555555556 0.22552762222222222 0.6819568277777778 0.22578904444444448 0.6782183055555555
0 0.3688146388888889 0.6523311555555555 0.3842313666666667 0.6423677055555556 0.3843725611111111 0.6403485277777778 0.36699476666666664 0.62822435 0.32816610555555553 0.6477168388888889 0.3281116777777778 0.6484952055555555 0.3306688611111111 0.649663738888889 0.3688146388888889 0.6523311555555555
0 0.23402788333333335 0.7993239055555554 0.20681156666666667 0.7887336944444444 0.20233110555555556 0.7930820277777777 0.18258168333333333 0.8063821277777778 0.23000704444444445 0.8096984333333334 0.2337164111111111 0.8037781333333333 0.23402788333333335 0.7993239055555554
0 0.5340026055555556 0.5189840388888889 0.5490853333333333 0.5254773388888889 0.57687565 0.51561705 0.5770910055555555 0.5125373388888889 0.5514575944444444 0.5059865833333334 0.5340026055555556 0.5189840388888889
0 0.37577688888888894 0.5243459333333333 0.3511242277777778 0.52262205 0.34391252222222224 0.5368796555555556 0.35507370555555556 0.5399878611111112 0.3677893 0.5408770222222222 0.3753981111111111 0.5297627222222222 0.37577688888888894 0.5243459333333333
0 0.724073 0.40165065555555557 0.6995534888888889 0.3896200666666667 0.6913297 0.4051277 0.6973350277777778 0.4079857 0.7190026277777777 0.4095008444444444 0.7238106833333333 0.4054019777777778 0.724073 0.40165065555555557