0 0.5203551888888889 0.49335537777777777 0.5191077055555555 0.5253996833333333 0.5249342166666666 0.5300653444444444 0.5406517 0.5314404444444444 0.5542124333333334 0.5243221055555556 0.5600153 0.5151933555555556 0.5619326611111112 0.4932777888888889 0.5486394833333333 0.4813090277777778 0.5363375388888889 0.4885303777777778 0.5203551888888889 0.49335537777777777
0 0.5147595333333334 0.43375925000000004 0.5040401722222222 0.43178419444444444 0.49625745 0.4469319666666667 0.5041567777777778 0.46602226666666663 0.5077576111111112 0.48394837222222226 0.5207965777777778 0.48508913333333337 0.5257755888888889 0.46791367222222224 0.5418071111111111 0.4683424611111111 0.5422247388888889 0.4635690166666667 0.5405222722222223 0.4505340944444444 0.5283487777777778 0.4473946277777777 0.5147595333333334 0.43375925000000004
0 0.48608619999999997 0.5043594777777778 0.49951580000000007 0.5055344166666667 0.4998402222222222 0.5018262944444445 0.4971336333333333 0.4921052 0.49866455555555556 0.4746066333333333 0.4878931444444445 0.47767299444444444 0.48104796111111114 0.48032583333333334 0.48160156666666665 0.49178355555555553 0.48608619999999997 0.5043594777777778
0 0.6894369277777778 0.3827309388888889 0.7054367388888889 0.3640655388888889 0.6961582777777778 0.3456212166666667 0.6936101944444444 0.33917502222222223 0.6710140611111112 0.36623997222222227 0.6847075277777778 0.3823171722222222 0.6894369277777778 0.3827309388888889
0 0.7354930777777778 0.2942730388888889 0.7352089055555555 0.29752113333333335 0.7587948722222222 0.33860798333333336 0.7631280166666667 0.33898708333333333 0.7712756666666667 0.3314761277777778 0.7719609666666667 0.32364308333333336 0.746760788888889 0.28347067777777774 0.7354930777777778 0.2942730388888889
0 0.7680886666666666 0.2780765388888889 0.782738161111111 0.26420207222222225 0.7834285166666667 0.25631125555555556 0.7636374444444444 0.2107631611111111 0.7411313611111112 0.2367988 0.7612054555555556 0.2774743333333333 0.7680886666666666 0.2780765388888889
0 0.7793098055555556 0.3125189222222222 0.7839152611111111 0.31292184444444443 0.7962567388888888 0.30091254444444443 0.7972660833333333 0.2893756666666667 0.7922806111111111 0.28019305555555557 0.7880518111111111 0.27982308333333333 0.7660909722222222 0.2953006888888889 0.7793098055555556 0.3125189222222222
0 0.8291187277777777 0.1565437222222222 0.7802328 0.19064341666666668 0.8062022000000001 0.24062703888888887 0.8251696000000001 0.21946788333333334 0.8292618722222221 0.22604911666666666 0.8416930388888889 0.2510554222222222 0.8484802833333334 0.25164923333333333 0.8722293222222223 0.23291995 0.8739787722222222 0.20403115 0.8828188222222222 0.1830232111111111 0.8661795444444444 0.15978612222222222 0.8483312 0.1592617722222222 0.8291187277777777 0.1565437222222222
0 0.8837579666666667 0.11213842777777777 0.8717507999999999 0.12666183888888888 0.8709673555555556 0.13383798333333333 0.8997260111111112 0.19478810555555554 0.908549111111111 0.19556002777777778 0.9161492111111111 0.1865396 0.9183906555555555 0.17977250555555557 0.9199592444444445 0.1618434888888889 0.9022499777777778 0.12309114444444445 0.8931781444444444 0.13785554444444445 0.8837579666666667 0.11213842777777777
0 0.7160686944444445 0.3739073611111111 0.7175473611111111 0.3719078 0.7192451222222223 0.3525022944444444 0.7106348777777778 0.3379448333333333 0.6993368055555556 0.35147728333333333 0.7160151333333333 0.37390267777777775 0.7160686944444445 0.3739073611111111
0 0.6967413444444445 0.26927341666666665 0.67722035 0.2789747888888889 0.6763714666666667 0.29757025555555555 0.6879749722222221 0.3156817111111111 0.6918558277777778 0.3160212444444444 0.6984021666666667 0.3036465388888889 0.7118497 0.31000906666666667 0.7237107166666668 0.30146033333333333 0.7241717999999999 0.29619009444444444 0.7120933055555555 0.27165371666666666 0.6967413444444445 0.26927341666666665
0 0.6331184944444445 0.34991982777777775 0.6360831 0.34690579444444447 0.6367893666666666 0.3388331277777778 0.6312164611111111 0.33082091666666663 0.6183471888888888 0.33919125555555557 0.6274791 0.34942644444444443 0.6331184944444445 0.34991982777777775